NUMOFF,NODE,      54
NUMOFF,ELEM,      60
NUMOFF,SHELL,      40
NUMOFF,SOLID,      4
NUMOFF,FLUID ,      16
NUMOFF,MAT ,       2
NUMOFF,REAL,       1
NUMOFF,TYPE,       3
ET,       1, 63
ET,       2, 45
ET,       3, 30
       1       6 0.120000000E-02  0.00000000      0.00000000      0.00000000      0.00000000      0.00000000    
       1      11       0  0.00000000      0.00000000     0.00000000 
       2      21       0  0.00000000      0.00000000     0.200000000    
       3      42   50000  0.00000000      0.00000000     0.100000000    
       4      41       0 0.200000000      0.00000000     0.200000000    
       5      12   50000 0.100000000      0.00000000     0.200000000    
       6      31       0 0.200000000    0.00000000       0.00000000 
       7      22   50000 0.200000000      0.00000000     0.100000000    
       8      32   50000 0.100000000    0.00000000      0.00000000 
       9      13       0 0.100000000      0.00000000     0.100000000    
      10      61       0  0.00000000     0.200000000    0.00000000 
      11      71       0 1.224606354E-17 0.200000000     0.200000000    
      12      62   50000  0.00000000     0.200000000     0.100000000    
      13      81       0 0.200000000     0.200000000     0.200000000    
      14      72   50000 0.100000000     0.200000000     0.200000000    
      15      91       0 0.200000000     0.200000000    0.00000000 
      16      82   50000 0.200000000     0.200000000     0.100000000    
      17      92   50000 0.100000000     0.200000000    0.00000000 
      18      23       0 0.100000000     0.200000000     0.100000000    
      19     101       0 0.200000000     5.000000000E-02 0.200000000    
      20     102   50000 0.200000000     2.500000000E-02 0.200000000    
      21      51       0 1.224606354E-17 5.000000000E-02 0.200000000    
      22     112   50000 0.100000000     5.000000000E-02 0.200000000    
      23      52   50000  0.00000000     2.500000000E-02 0.200000000    
      24      33       0 0.100000000     2.500000000E-02 0.200000000    
      25     121       0  0.00000000     5.000000000E-02 0.00000000 
      26     142   50000  0.00000000     2.500000000E-02 0.00000000 
      27     111       0 0.200000000     5.000000000E-02 0.00000000 
      28     152   50000 0.100000000     5.000000000E-02 0.00000000 
      29     122   50000 0.200000000     2.500000000E-02 0.00000000 
      30      53       0 0.100000000     2.500000000E-02 0.00000000 
      31     151       0 0.200000000     9.000000000E-02 0.200000000    
      32     202   50000 0.200000000     0.145000000     0.200000000    
      33     141       0 1.224606354E-17 9.000000000E-02 0.200000000    
      34     182   50000 1.224606354E-17 0.145000000     0.200000000    
      35     212   50000 0.100000000     9.000000000E-02 0.200000000    
      36      93       0 0.100000000     0.145000000     0.200000000    
      37     131       0  0.00000000     9.000000000E-02 0.00000000 
      38     172   50000  0.00000000     0.145000000     0.00000000 
      39     161       0 0.200000000     9.000000000E-02 0.00000000 
      40     222   50000 0.200000000     0.145000000     0.00000000 
      41     242   50000 0.100000000     9.000000000E-02 0.00000000 
      42     113       0 0.100000000     0.145000000      0.00000000 
      43     132   50000 0.200000000     5.000000000E-02 0.100000000    
      44      43       0 0.200000000     2.500000000E-02 0.100000000    
      45     162   50000  0.00000000     5.000000000E-02 0.100000000    
      46      63       0  0.00000000     2.500000000E-02 0.100000000    
      47     192   50000  0.00000000     9.000000000E-02 0.100000000    
      48      83       0  0.00000000     0.145000000     0.100000000    
      49     232   50000 0.200000000     9.000000000E-02 0.100000000    
      50     103       0 0.200000000     0.145000000     0.100000000    
      51      73       0 0.100000000     5.000000000E-02 0.100000000    
      52     123       0 0.100000000     9.000000000E-02 0.100000000    
      53      14       0 0.100000000     2.500000000E-02 0.100000000    
      54      24       0 0.100000000     0.145000000     0.100000000    
       1       1       1       1       0       0      13       0       4       0       1       1       3       9       8
       1       1       1       1       0       0      13       0       4       0       2       3       2       5       9
       1       1       1       1       0       0      13       0       4       0       3       8       9       7       6
       1       1       1       1       0       0      13       0       4       0       4       9       5       4       7
       1       1       1       1       0       0      23       0       4       0       5      10      12      18      17
       1       1       1       1       0       0      23       0       4       0       6      12      11      14      18
       1       1       1       1       0       0      23       0       4       0       7      17      18      16      15
       1       1       1       1       0       0      23       0       4       0       8      18      14      13      16
       1       1       1       1       0       0      33       0       4       0       9       2       5      24      23
       1       1       1       1       0       0      33       0       4       0      10       5       4      20      24
       1       1       1       1       0       0      33       0       4       0      11      23      24      22      21
       1       1       1       1       0       0      33       0       4       0      12      24      20      19      22
       1       1       1       1       0       0      53       0       4       0      13       6       8      30      29
       1       1       1       1       0       0      53       0       4       0      14       8       1      26      30
       1       1       1       1       0       0      53       0       4       0      15      29      30      28      27
       1       1       1       1       0       0      53       0       4       0      16      30      26      25      28
       1       1       1       1       0       0      93       0       4       0      17      31      32      36      35
       1       1       1       1       0       0      93       0       4       0      18      32      13      14      36
       1       1       1       1       0       0      93       0       4       0      19      35      36      34      33
       1       1       1       1       0       0      93       0       4       0      20      36      14      11      34
       1       1       1       1       0       0     113       0       4       0      21      37      38      42      41
       1       1       1       1       0       0     113       0       4       0      22      38      10      17      42
       1       1       1       1       0       0     113       0       4       0      23      41      42      40      39
       1       1       1       1       0       0     113       0       4       0      24      42      17      15      40
       1       1       1       1       0       0      43       0       4       0      25       4       7      44      20
       1       1       1       1       0       0      43       0       4       0      26       7       6      29      44
       1       1       1       1       0       0      43       0       4       0      27      20      44      43      19
       1       1       1       1       0       0      43       0       4       0      28      44      29      27      43
       1       1       1       1       0       0      63       0       4       0      29       1       3      46      26
       1       1       1       1       0       0      63       0       4       0      30       3       2      23      46
       1       1       1       1       0       0      63       0       4       0      31      26      46      45      25
       1       1       1       1       0       0      63       0       4       0      32      46      23      21      45
       1       1       1       1       0       0      83       0       4       0      33      33      34      48      47
       1       1       1       1       0       0      83       0       4       0      34      34      11      12      48
       1       1       1       1       0       0      83       0       4       0      35      47      48      38      37
       1       1       1       1       0       0      83       0       4       0      36      48      12      10      38
       1       1       1       1       0       0     103       0       4       0      37      39      40      50      49
       1       1       1       1       0       0     103       0       4       0      38      40      15      16      50
       1       1       1       1       0       0     103       0       4       0      39      49      50      32      31
       1       1       1       1       0       0     103       0       4       0      40      50      16      13      32
       1       2       1       1       0       0      34       0       8       0      41      25      45      51      28      37      47      52      41
       1       2       1       1       0       0      34       0       8       0      42      45      21      22      51      47      33      35      52
       1       2       1       1       0       0      34       0       8       0      43      28      51      43      27      41      52      49      39
       1       2       1       1       0       0      34       0       8       0      44      51      22      19      43      52      35      31      49
       2       3       1       1       0       0      14       0       8       0      45       1       3       9       8      26      46      53      30
       2       3       1       1       0       0      14       0       8       0      46       3       2       5       9      46      23      24      53
       2       3       1       1       0       0      14       0       8       0      47       8       9       7       6      30      53      44      29
       2       3       1       1       0       0      14       0       8       0      48       9       5       4       7      53      24      20      44
       2       3       1       1       0       0      14       0       8       0      49      26      46      53      30      25      45      51      28
       2       3       1       1       0       0      14       0       8       0      50      46      23      24      53      45      21      22      51
       2       3       1       1       0       0      14       0       8       0      51      30      53      44      29      28      51      43      27
       2       3       1       1       0       0      14       0       8       0      52      53      24      20      44      51      22      19      43
       2       3       1       1       0       0      24       0       8       0      53      39      41      52      49      40      42      54      50
       2       3       1       1       0       0      24       0       8       0      54      41      37      47      52      42      38      48      54
       2       3       1       1       0       0      24       0       8       0      55      49      52      35      31      50      54      36      32
       2       3       1       1       0       0      24       0       8       0      56      52      47      33      35      54      48      34      36
       2       3       1       1       0       0      24       0       8       0      57      40      42      54      50      15      17      18      16
       2       3       1       1       0       0      24       0       8       0      58      42      38      48      54      17      10      12      18
       2       3       1       1       0       0      24       0       8       0      59      50      54      36      32      16      18      14      13
       2       3       1       1       0       0      24       0       8       0      60      54      48      34      36      18      12      11      14
MPDATA,R5.0, 1,EX  ,       1, 1, 2.060000000E+11,
MPDATA,R5.0, 1,DENS,       1, 1,   0.300000000   ,
MPDATA,R5.0, 1,PRXY,       1, 1,   7800.00000  ,
MPDATA,R5.0, 1,DENS,       2, 1,  1000.00000    ,
MPDATA,R5.0, 1,SONC,       2, 1,  1500.00000    ,
SFE,      45,   1,FSI 
SFE,      45,   2,FSI 
SFE,      45,   5,FSI 
SFE,      46,   1,FSI 
SFE,      46,   2,FSI 
SFE,      46,   3,FSI 
SFE,      47,   1,FSI 
SFE,      47,   4,FSI 
SFE,      47,   5,FSI 
SFE,      48,   1,FSI 
SFE,      48,   3,FSI 
SFE,      48,   4,FSI 
SFE,      49,   2,FSI 
SFE,      49,   5,FSI 
SFE,      49,   6,FSI 
SFE,      50,   2,FSI 
SFE,      50,   3,FSI 
SFE,      50,   6,FSI 
SFE,      51,   4,FSI 
SFE,      51,   5,FSI 
SFE,      51,   6,FSI 
SFE,      52,   3,FSI 
SFE,      52,   4,FSI 
SFE,      52,   6,FSI 
SFE,      53,   1,FSI 
SFE,      53,   2,FSI 
SFE,      53,   5,FSI 
SFE,      54,   1,FSI 
SFE,      54,   2,FSI 
SFE,      54,   3,FSI 
SFE,      55,   1,FSI 
SFE,      55,   4,FSI 
SFE,      55,   5,FSI 
SFE,      56,   1,FSI 
SFE,      56,   3,FSI 
SFE,      56,   4,FSI 
SFE,      57,   2,FSI 
SFE,      57,   5,FSI 
SFE,      57,   6,FSI 
SFE,      58,   2,FSI 
SFE,      58,   3,FSI 
SFE,      58,   6,FSI 
SFE,      59,   4,FSI 
SFE,      59,   5,FSI 
SFE,      59,   6,FSI 
SFE,      60,   3,FSI 
SFE,      60,   4,FSI 
SFE,      60,   6,FSI 