NUMOFF,NODE,      16
NUMOFF,ELEM,      17
NUMOFF,SHELL,      14
NUMOFF,SOLID,      1
NUMOFF,FLUID ,     2
NUMOFF,MAT ,       2
NUMOFF,REAL,       1
NUMOFF,TYPE,       3
ET,       1, 63
ET,       2, 45
ET,       3, 30
       1       6 0.120000000E-02  0.00000000      0.00000000      0.00000000      0.00000000      0.00000000    
       1      51       0 6.290843596E-15 0.710500000     0.118500000    
       2      61       0 6.291509730E-15 0.710500000     0.121500000    
       3      71       0 4.561761016E-15 0.510000000     0.118500000    
       4      81       0 4.561761016E-15 0.510000000     0.121500000    
       5      11       0 5.551115123E-17 0.710500000    0.00000000 
       6      21       0 5.551115123E-17 0.510000000    0.00000000 
       7      31       0 5.551115123E-17 0.710500000     0.240000000    
       8      41       0 5.551115123E-17 0.510000000     0.240000000    
       9      91       0 0.183890932     0.686290300     0.118500000    
      10     101       0 0.183890932     0.686290300     0.121500000    
      11     111       0 0.131997713     0.492622171     0.118500000    
      12     121       0 0.131997713     0.492622171     0.121500000    
      13     131       0 0.183890932     0.686290300    0.00000000 
      14     141       0 0.131997713     0.492622171    0.00000000 
      15     151       0 0.183890932     0.686290300     0.240000000    
      16     161       0 0.131997713     0.492622171     0.240000000    
       1       1       1       1       0       0      13       0       4       0       1       2       1       3       4
       1       1       1       1       0       0      23       0       4       0       2       1       5       6       3
       1       1       1       1       0       0      33       0       4       0       3       7       2       4       8
       1       1       1       1       0       0      43       0       4       0       4      10       9      11      12
       1       1       1       1       0       0      53       0       4       0       5       9      13      14      11
       1       1       1       1       0       0      63       0       4       0       6      15      10      12      16
       1       1       1       1       0       0      73       0       4       0       7       9       1       2      10
       1       1       1       1       0       0     103       0       4       0       8      11       3       4      12
       1       1       1       1       0       0     113       0       4       0       9      14       6       5      13
       1       1       1       1       0       0     123       0       4       0      10      13       5       1       9
       1       1       1       1       0       0     133       0       4       0      11      14       6       3      11
       1       1       1       1       0       0     143       0       4       0      12      15       7       8      16
       1       1       1       1       0       0     153       0       4       0      13      10       2       7      15
       1       1       1       1       0       0     163       0       4       0      14      12       4       8      16
       1       2       1       1       0       0      14       0       8       0      15      10       9      11      12       2       1       3       4
       2       3       1       1       0       0      24       0       8       0      16       9      13      14      11       1       5       6       3
       2       3       1       1       0       0      34       0       8       0      17      15      10      12      16       7       2       4       8
MPDATA,R5.0, 1,EX  ,       1, 1, 2.060000000E+11,
MPDATA,R5.0, 1,DENS,       1, 1,   0.300000000    ,
MPDATA,R5.0, 1,PRXY,       1, 1,  7800.00000  ,
MPDATA,R5.0, 1,DENS,       2, 1,  1000.00000    ,
MPDATA,R5.0, 1,SONC,       2, 1,  1500.00000    ,
SFE,      16,   1,FSI 
SFE,      16,   2,FSI 
SFE,      16,   3,FSI 
SFE,      16,   4,FSI 
SFE,      16,   5,FSI 
SFE,      16,   6,FSI 
SFE,      17,   1,FSI 
SFE,      17,   2,FSI 
SFE,      17,   3,FSI 
SFE,      17,   4,FSI 
SFE,      17,   5,FSI 
SFE,      17,   6,FSI 
