NUMOFF,NODE,      16
NUMOFF,ELEM,      17
NUMOFF,shell,      14
NUMOFF,solid,      1
NUMOFF,fluid,       2
NUMOFF,MAT ,       2
NUMOFF,REAL,       1
NUMOFF,TYPE,       3
ET,       1, 63
ET,       2, 45
ET,       3, 30
       1       6 0.120000000E-02  0.00000000      0.00000000      0.00000000      0.00000000      0.00000000    
       1      11       0  0.00000000    0.00000000      0.00000000 
       2      21       0  0.00000000      0.00000000     0.200000000    
       3      41       0 0.200000000      0.00000000     0.200000000    
       4      31       0 0.200000000    0.00000000      0.00000000 
       5      61       0  0.00000000     0.200000000    0.00000000 
       6      71       0 1.224606354E-17 0.200000000     0.200000000    
       7      81       0 0.200000000     0.200000000     0.200000000    
       8      91       0 0.200000000     0.200000000    0.00000000 
       9     101       0 0.200000000     5.000000000E-02 0.200000000    
      10      51       0 1.224606354E-17 5.000000000E-02 0.200000000    
      11     121       0  0.00000000     5.000000000E-02 0.00000000 
      12     111       0 0.200000000     5.000000000E-02 0.00000000 
      13     151       0 0.200000000     9.000000000E-02 0.200000000    
      14     141       0 1.224606354E-17 9.000000000E-02 0.200000000    
      15     131       0  0.00000000     9.000000000E-02 0.00000000 
      16     161       0 0.200000000     9.000000000E-02 0.00000000 
       1       1       1       1       0       0      13       0       4       0       1       1       2       3       4
       1       1       1       1       0       0      23       0       4       0       2       5       6       7       8
       1       1       1       1       0       0      33       0       4       0       3       2       3       9      10
       1       1       1       1       0       0      53       0       4       0       4       4       1      11      12
       1       1       1       1       0       0      93       0       4       0       5      13       7       6      14
       1       1       1       1       0       0     113       0       4       0       6      15       5       8      16
       1       1       1       1       0       0     133       0       4       0       7       9      13      14      10
       1       1       1       1       0       0     153       0       4       0       8      11      15      16      12
       1       1       1       1       0       0      43       0       4       0       9       3       4      12       9
       1       1       1       1       0       0      63       0       4       0      10       1       2      10      11
       1       1       1       1       0       0      83       0       4       0      11      14       6       5      15
       1       1       1       1       0       0     103       0       4       0      12      16       8       7      13
       1       1       1       1       0       0     143       0       4       0      13      12      16      13       9
       1       1       1       1       0       0     163       0       4       0      14      10      14      15      11
       1       2       1       1       0       0      34       0       8       0      15      11      10       9      12      15      14      13      16
       2       3       1       1       0       0      14       0       8       0      16       1       2       3       4      11      10       9      12
       2       3       1       1       0       0      24       0       8       0      17      16      15      14      13       8       5       6       7
MPDATA,R5.0, 1,EX  ,       1, 1, 2.060000000E+11,
MPDATA,R5.0, 1,DENS,       1, 1,  0.300000000    ,
MPDATA,R5.0, 1,PRXY,       1, 1,    7800.00000 ,
MPDATA,R5.0, 1,DENS,       2, 1,  1000.00000    ,
MPDATA,R5.0, 1,SONC,       2, 1,  1500.00000    ,
SFE,      16,   1,FSI 
SFE,      16,   2,FSI 
SFE,      16,   3,FSI 
SFE,      16,   4,FSI 
SFE,      16,   5,FSI 
SFE,      16,   6,FSI 
SFE,      17,   1,FSI 
SFE,      17,   2,FSI 
SFE,      17,   3,FSI 
SFE,      17,   4,FSI 
SFE,      17,   5,FSI 
SFE,      17,   6,FSI 