NUMOFF,NODE,      11
NUMOFF,ELEM,      16
NUMOFF,SHELL,      10
NUMOFF,SOLID,      1
NUMOFF,FLUID,       5
NUMOFF,MAT ,       2
NUMOFF,REAL,       1
NUMOFF,TYPE,       3
ET,       1, 63
ET,       2, 45
ET,       3, 30
       1       6 0.120000000E-02  0.00000000      0.00000000      0.00000000      0.00000000      0.00000000    
       1      21       0  0.00000000      0.00000000     0.200000000    
       2      11       0  0.00000000    0.00000000       0.00000000
       3      81       0  0.00000000     0.200000000    0.00000000
       4     101       0 1.224606354E-17 0.200000000     0.200000000    
       5      31       0 0.200000000    0.00000000      0.00000000
       6      91       0 0.200000000     0.200000000    0.00000000
       7      41       0  0.00000000     0.203000000    0.00000000
       8      51       0 1.224606354E-17 0.203000000     0.200000000    
       9      61       0 0.200000000     0.203000000    0.00000000
      10      71       0 0.100000000     0.400000000     0.100000000    
      11      24       0 6.931004673E-02 0.238663316     5.309219286E-02
       1       1       1       1       0       0     103       0       4       0       1       1       2       3       4
       1       1       1       1       0       0     123       0       4       0       2       5       1       4       6
       1       1       1       1       0       0     133       0       4       0       3       3       7       8       4
       1       1       1       1       0       0     153       0       4       0       4       4       8       9       6
       1       1       1       1       0       0     113       0       4       0       5       2       5       6       3
       1       1       1       1       0       0     143       0       4       0       6       6       9       7       3
       1       1       1       1       0       0      63       0       4       0       7      10       7       8       8
       1       1       1       1       0       0      73       0       4       0       8       9      10       8       8
       1       1       1       1       0       0      83       0       4       0       9      10       7       9       9
       1       1       1       1       0       0      13       0       4       0      10       5       1       2       2
       1       2       1       1       0       0      44       0       8       0      11       7       9       8       8       3       6       4       4
       2       3       1       1       0       0      24       0       8       0      12       7       8      11      11      10      10      10      10
       2       3       1       1       0       0      24       0       8       0      13      11       9       8       8       7       7       7       7
       2       3       1       1       0       0      24       0       8       0      14      11      10       9       9       7       7       7       7
       2       3       1       1       0       0      24       0       8       0      15      11      10       8       8       9       9       9       9
       2       3       1       1       0       0      34       0       8       0      16       6       4       3       3       5       1       2       2
MPDATA,R5.0, 1,EX  ,       1, 1, 2.060000000E+11,
MPDATA,R5.0, 1,DENS,       1, 1,   0.300000000   ,
MPDATA,R5.0, 1,PRXY,       1, 1, 7800.00000    ,
MPDATA,R5.0, 1,DENS,       2, 1,  1000.00000    ,
MPDATA,R5.0, 1,SONC,       2, 1,  1500.00000    ,
SFE,      12,   2,FSI 
SFE,      13,   3,FSI 
SFE,      14,   3,FSI 
SFE,      15,   3,FSI 
SFE,      16,   1,FSI 
SFE,      16,   2,FSI 
SFE,      16,   3,FSI 
SFE,      16,   5,FSI 
SFE,      16,   6,FSI 
