    0.31386091E-07
    0.21930905E-06
    0.13683036E-05
    0.12465091E-05
   -0.15693481E-06
   -0.90268639E-06
   -0.48274207E-06
   -0.10602732E-08
   -0.21844114E-06
   -0.14423429E-05
   -0.12535568E-05
    0.13159478E-06
    0.88539340E-06
    0.47513096E-06
    0.75266683E-06
    0.77850566E-06
    0.10280191E-04
    0.26134449E-05
   -0.10107716E-04
   -0.43750226E-05
    0.61473561E-05
   -0.55440186E-06
    0.42727955E-06
   -0.56014638E-06
    0.38611032E-06
    0.19474933E-06
   -0.13926814E-05
    0.90639320E-05
   -0.39197656E-07
   -0.10487802E-04
    0.79485639E-05
    0.13277063E-05
   -0.86718895E-05
   -0.28092926E-05
    0.34260684E-05
    0.30421695E-05
   -0.11015667E-04
    0.37932294E-05
    0.10168446E-04
   -0.87265935E-05
    0.24708387E-05
    0.69161937E-05
   -0.78740581E-06
    0.53812631E-06
   -0.43119619E-06
    0.56709786E-06
   -0.74574079E-06
   -0.10247180E-04
   -0.25295851E-05
    0.10160067E-04
    0.43403792E-05
   -0.62023370E-05
   -0.40826241E-06
   -0.20078687E-06
    0.13914688E-05
    0.10509269E-04
    0.44884779E-07
   -0.90972617E-05
    0.86063791E-05
   -0.13263361E-05
   -0.79087192E-05
   -0.31525996E-05
   -0.34210972E-05
    0.28971019E-05
   -0.10202547E-04
   -0.37768198E-05
    0.11036062E-04
   -0.68887294E-05
   -0.24566500E-05
    0.86885061E-05
   -0.76823907E-08
    0.90042284E-08
    0.25404297E-07
    0.16763290E-05
   -0.30300698E-05
   -0.86380390E-06
    0.45170298E-05
   -0.25314105E-05
   -0.25189550E-07
   -0.16754388E-05
    0.30228075E-05
    0.86129707E-06
   -0.45026175E-05
    0.25246635E-05
    0.87064714E-06
    0.37535706E-08
   -0.29790255E-05
   -0.75962007E-05
   -0.55311080E-05
    0.36917061E-05
    0.76524258E-05
    0.13387906E-04
    0.23673439E-04
    0.16875305E-04
   -0.28820519E-05
   -0.10289947E-04
   -0.12555647E-04
   -0.22570320E-04
   -0.20143565E-04
    0.45044740E-05
    0.21916622E-04
    0.20673205E-04
    0.24431976E-04
    0.24556015E-04
   -0.21214929E-05
    0.60546398E-05
    0.66343257E-05
    0.90942781E-05
    0.68809830E-05
   -0.61982157E-06
   -0.10627483E-04
   -0.18250502E-04
   -0.22139381E-04
   -0.21350358E-04
   -0.94467396E-05
    0.14582272E-04
    0.34835565E-04
    0.35712148E-04
    0.18973475E-04
   -0.63668936E-05
   -0.31441869E-04
   -0.42992414E-04
   -0.34433168E-04
   -0.15729367E-04
    0.11607875E-05
   -0.30144811E-05
   -0.38455921E-06
    0.36325956E-05
   -0.12486749E-05
    0.51552429E-05
   -0.37563588E-04
   -0.33490728E-05
    0.35220060E-04
   -0.14198745E-05
    0.26181136E-05
   -0.55288797E-04
    0.55613881E-05
    0.61340253E-04
   -0.76524600E-05
    0.14916937E-05
   -0.49870645E-04
    0.11181554E-04
    0.59582923E-04
   -0.12951081E-04
    0.48192514E-06
   -0.33140907E-04
    0.52631361E-05
    0.33468833E-04
   -0.10086917E-04
   -0.55455162E-05
   -0.38376895E-05
    0.50405412E-05
    0.20964102E-05
   -0.53191611E-05
   -0.73398468E-05
    0.29418202E-04
    0.70875617E-05
   -0.28514249E-04
   -0.55062598E-05
   -0.26557639E-05
    0.43206290E-04
   -0.25742340E-05
   -0.49348236E-04
   -0.85962163E-06
    0.16626519E-05
    0.35872697E-04
   -0.10315514E-04
   -0.42542447E-04
    0.12043982E-04
    0.40010802E-05
    0.19279108E-04
   -0.83560751E-05
   -0.16843133E-04
    0.17490640E-04
    0.91472106E-05
   -0.21698935E-05
   -0.88417591E-05
    0.59447095E-05
    0.11489151E-04
    0.13764974E-04
   -0.23985297E-04
   -0.98802201E-05
    0.25446960E-04
    0.65014692E-05
    0.57347724E-05
   -0.38245635E-04
   -0.29754196E-05
    0.39962684E-04
    0.18033567E-05
   -0.51175623E-05
   -0.32873650E-04
    0.78874044E-05
    0.34611489E-04
   -0.10636834E-04
   -0.59011545E-05
   -0.12253276E-04
    0.14125782E-04
    0.12753131E-04
   -0.21948602E-04
   -0.10807292E-04
    0.49018505E-06
    0.13816480E-04
   -0.39905666E-05
   -0.19965523E-04
   -0.15884428E-04
    0.68854929E-05
    0.11799038E-04
   -0.10016261E-04
   -0.11329634E-04
   -0.37102830E-05
    0.15147198E-04
    0.45739070E-05
   -0.15505196E-04
   -0.58554397E-05
    0.82053463E-05
    0.10522955E-04
   -0.89504766E-05
   -0.13632751E-04
    0.41501753E-05
    0.85679548E-05
   -0.20177153E-05
   -0.14492840E-04
    0.41523953E-05
    0.23226857E-04
   -0.67868922E-06
    0.28801774E-06
   -0.37657956E-06
    0.12576300E-05
   -0.45718955E-06
    0.58910048E-07
   -0.13005224E-05
    0.26870089E-05
    0.10732637E-05
   -0.46937724E-05
    0.26547923E-05
    0.15294388E-05
   -0.29810824E-05
   -0.78481950E-06
    0.43244715E-05
   -0.22726699E-05
   -0.14329373E-05
    0.30344443E-05
    0.48416548E-06
   -0.38607712E-05
    0.14975233E-05
   -0.86840225E-06
   -0.42407532E-08
    0.29499284E-05
    0.75807758E-05
    0.54828722E-05
   -0.36287178E-05
   -0.77108397E-05
   -0.13561840E-04
   -0.23680850E-04
   -0.16956820E-04
    0.26329587E-05
    0.10101189E-04
    0.12352372E-04
    0.22253162E-04
    0.19768031E-04
   -0.47043577E-05
   -0.21852148E-04
   -0.20703693E-04
   -0.24455138E-04
   -0.24343225E-04
    0.21027595E-05
   -0.11601715E-05
    0.30004448E-05
    0.38488720E-06
   -0.36119781E-05
    0.12425311E-05
   -0.60828824E-05
   -0.66632480E-05
   -0.91108962E-05
   -0.69425940E-05
    0.53551366E-06
    0.10523447E-04
    0.18110684E-04
    0.22096364E-04
    0.21544859E-04
    0.98439561E-05
   -0.14097313E-04
   -0.34380238E-04
   -0.35356639E-04
   -0.18713468E-04
    0.65120244E-05
    0.31461457E-04
    0.42917272E-04
    0.34238687E-04
    0.15522044E-04
   -0.86180974E-05
    0.19373361E-05
    0.14371756E-04
   -0.42783933E-05
   -0.23299368E-04
   -0.82616684E-05
   -0.10519370E-04
    0.90450194E-05
    0.13699170E-04
   -0.41563634E-05
    0.37743835E-05
   -0.15019359E-04
   -0.43884268E-05
    0.15609846E-04
    0.58396870E-05
    0.15787809E-04
   -0.70479430E-05
   -0.11921680E-04
    0.99019945E-05
    0.11183053E-04
    0.10840728E-04
   -0.48826439E-06
   -0.13750224E-04
    0.40850573E-05
    0.19958096E-04
    0.59411524E-05
    0.12306787E-04
   -0.14025892E-04
   -0.12595114E-04
    0.22070148E-04
    0.50719145E-05
    0.32794595E-04
   -0.80591542E-05
   -0.34749193E-04
    0.10651392E-04
   -0.56470223E-05
    0.38464108E-04
    0.30316724E-05
   -0.40009596E-04
   -0.17212620E-05
   -0.13805235E-04
    0.24165668E-04
    0.99043541E-05
   -0.25467191E-04
   -0.62683018E-05
   -0.91524618E-05
    0.22708917E-05
    0.85367087E-05
   -0.63016285E-05
   -0.11307099E-04
   -0.38331488E-05
   -0.18806042E-04
    0.82073312E-05
    0.16391434E-04
   -0.17330110E-04
   -0.17285515E-05
   -0.35377882E-04
    0.10220242E-04
    0.42048840E-04
   -0.11849045E-04
    0.26273303E-05
   -0.42761759E-04
    0.23519671E-05
    0.48710782E-04
    0.10147970E-05
    0.74321670E-05
   -0.28872029E-04
   -0.71397467E-05
    0.28011582E-04
    0.56302781E-05
    0.54217514E-05
    0.41168244E-05
   -0.49958463E-05
   -0.23449025E-05
    0.53551530E-05
   -0.50150098E-06
    0.33129512E-04
   -0.52700560E-05
   -0.33497239E-04
    0.10031744E-04
   -0.14122359E-05
    0.49680619E-04
   -0.11173662E-04
   -0.59332759E-04
    0.12965692E-04
   -0.26514101E-05
    0.54976199E-04
   -0.55423799E-05
   -0.60989957E-04
    0.76706639E-05
   -0.51148957E-05
    0.37398652E-04
    0.33715658E-05
   -0.35028446E-04
    0.13518093E-05
    0.67558544E-06
   -0.28655086E-06
    0.36963801E-06
   -0.12558541E-05
    0.45107527E-06
   -0.50632102E-07
    0.14305229E-05
   -0.30236331E-05
   -0.48557303E-06
    0.38371716E-05
   -0.14962735E-05
   -0.15288955E-05
    0.29707254E-05
    0.78272600E-06
   -0.43059657E-05
    0.22649598E-05
    0.13028691E-05
   -0.26816561E-05
   -0.10732473E-05
    0.46768658E-05
   -0.26542394E-05
    0.38485767E-06
   -0.70013086E-06
   -0.45109922E-06
    0.13556909E-05
    0.87283894E-06
   -0.21327543E-06
    0.85217694E-06
    0.12585428E-05
   -0.12853462E-06
   -0.80784746E-06
   -0.12195456E-06
    0.42308952E-06
   -0.78114121E-06
   -0.99788807E-06
    0.99785120E-06
    0.11627922E-05
   -0.31893319E-06
    0.37847782E-06
    0.11767610E-05
   -0.36768438E-06
    0.67757326E-06
    0.48081831E-06
   -0.13608617E-05
   -0.87025245E-06
    0.23848945E-06
   -0.84290062E-06
   -0.12472830E-05
    0.12119035E-06
    0.80776117E-06
    0.13966416E-06
   -0.43927924E-06
    0.77884796E-06
    0.10458750E-05
   -0.98417289E-06
   -0.11614022E-05
    0.36756953E-06
   -0.34660466E-06
   -0.11866117E-05
    0.87767106E-06
   -0.23267004E-06
    0.89654735E-07
    0.52491434E-06
    0.45113798E-06
   -0.16753244E-05
   -0.14079385E-05
    0.53996681E-06
    0.25633113E-05
    0.30057092E-05
   -0.98743451E-06
   -0.65553747E-06
    0.42237908E-05
   -0.67112979E-06
   -0.35036124E-05
   -0.10852793E-05
    0.34419707E-06
   -0.13645844E-05
   -0.87662019E-06
   -0.73213488E-06
    0.50889583E-06
    0.50017516E-05
   -0.63256487E-06
   -0.87192513E-05
    0.24947002E-05
    0.28384274E-06
   -0.57907469E-05
   -0.50276114E-05
    0.97988610E-06
    0.43034109E-05
    0.39772079E-06
    0.38290997E-06
    0.16183525E-05
    0.68827554E-05
    0.26401279E-06
   -0.53920374E-05
   -0.94039089E-06
    0.68427511E-06
    0.44106769E-05
   -0.62828783E-05
    0.11123108E-05
    0.86189587E-05
    0.46434508E-05
   -0.69403311E-06
   -0.42504688E-05
    0.49948902E-05
   -0.74798078E-06
   -0.82175772E-05
   -0.66748821E-05
    0.11365092E-06
    0.32049937E-05
   -0.37149599E-05
   -0.16699756E-06
   -0.49389117E-07
    0.58776046E-05
   -0.45577118E-06
   -0.94542657E-05
   -0.57401433E-05
    0.44139105E-06
    0.92809404E-05
    0.35403979E-05
    0.18047522E-06
    0.19168492E-06
    0.64307460E-05
   -0.10502885E-06
   -0.30060453E-05
   -0.49068966E-05
    0.70606567E-06
    0.81122591E-05
   -0.46581498E-05
    0.68238351E-06
    0.42450708E-05
    0.59940139E-05
   -0.10889780E-05
   -0.83563846E-05
    0.90443450E-06
   -0.72455642E-06
   -0.43326803E-05
   -0.67625453E-05
   -0.29353999E-06
    0.52679698E-05
   -0.53088770E-06
   -0.37227600E-06
   -0.15482516E-05
    0.49017440E-05
   -0.10138115E-05
   -0.41219217E-05
   -0.24321034E-05
   -0.30793267E-06
    0.57174907E-05
   -0.50179720E-05
    0.64013111E-06
    0.86929704E-05
    0.72565016E-06
    0.72922527E-06
   -0.33852419E-06
    0.10219188E-05
   -0.34170742E-06
    0.14374137E-05
   -0.42012933E-05
    0.67477055E-06
    0.34361103E-05
   -0.30439698E-05
    0.97773931E-06
    0.73251599E-06
    0.13050747E-05
   -0.50561021E-06
   -0.25326267E-05
   -0.48016952E-06
   -0.49058252E-06
    0.17133868E-05
   -0.89188412E-06
    0.22661082E-06
   -0.11847394E-06
   -0.19262198E-05
    0.10752054E-05
    0.57410303E-06
   -0.55827645E-06
    0.11050894E-05
    0.11517847E-05
   -0.60714722E-06
   -0.20306686E-05
   -0.16161397E-05
   -0.13518871E-05
   -0.78468693E-07
    0.26686508E-05
    0.34661991E-05
    0.91973932E-06
   -0.15090368E-05
   -0.24764582E-05
   -0.22170015E-05
   -0.10986545E-05
   -0.17010900E-06
    0.19233435E-05
   -0.10879198E-05
   -0.58786764E-06
    0.52955373E-06
   -0.11077232E-05
   -0.11471193E-05
    0.59319851E-06
    0.20192930E-05
    0.16073723E-05
    0.13375914E-05
    0.80505072E-07
   -0.26507742E-05
   -0.34430569E-05
   -0.90237448E-06
    0.15086544E-05
    0.24665149E-05
    0.22086743E-05
    0.10934677E-05
    0.17205316E-06
   -0.31215332E-07
    0.24614361E-05
   -0.51745182E-05
    0.25212398E-05
   -0.63702809E-06
   -0.31731197E-05
    0.26647388E-05
   -0.66486994E-06
   -0.33597494E-05
   -0.19633714E-05
    0.48813846E-06
   -0.63443885E-06
    0.16108234E-05
   -0.14664453E-05
    0.15026274E-05
    0.23671442E-05
   -0.95092424E-06
    0.15541612E-05
    0.29019217E-05
    0.39695863E-06
    0.53615022E-06
   -0.33532787E-05
    0.16264079E-05
    0.50138821E-05
   -0.65058576E-05
    0.46280590E-06
    0.10522729E-04
   -0.79559050E-05
    0.90759646E-06
    0.83432122E-05
    0.65167626E-06
    0.27501612E-06
   -0.42774762E-05
    0.10816580E-04
   -0.13177765E-05
   -0.16619360E-04
    0.14723394E-04
   -0.22124064E-05
   -0.19040696E-04
    0.43180859E-05
   -0.45002216E-06
   -0.81750789E-05
   -0.80421258E-05
    0.13873138E-06
    0.91204170E-05
   -0.13730539E-04
    0.60984862E-06
    0.19476112E-04
   -0.81021192E-05
    0.83747387E-06
    0.15952254E-04
    0.69753501E-06
    0.51329823E-06
    0.53119440E-05
    0.41023525E-05
   -0.41088899E-06
   -0.88556215E-06
   -0.41909600E-05
    0.40512162E-06
    0.10005496E-05
   -0.76338566E-06
   -0.52974968E-06
   -0.52164174E-05
    0.81152948E-05
   -0.86793975E-06
   -0.15965467E-04
    0.13755961E-04
   -0.65403271E-06
   -0.19518688E-04
    0.79840899E-05
   -0.19198179E-06
   -0.91030641E-05
   -0.44532303E-05
    0.40059978E-06
    0.82283927E-05
   -0.14803553E-04
    0.21409735E-05
    0.19021122E-04
   -0.10749894E-04
    0.12225378E-05
    0.16435671E-04
   -0.45839127E-06
   -0.39214419E-06
    0.39684464E-05
    0.81425248E-05
   -0.10133063E-05
   -0.86216219E-05
    0.65391136E-05
   -0.51385759E-06
   -0.10649350E-04
    0.32385251E-05
   -0.16346319E-05
   -0.49413115E-05
   -0.30672326E-05
   -0.39561836E-06
   -0.37592214E-06
   -0.25135995E-05
    0.98226598E-06
   -0.14508953E-05
   -0.16582959E-05
    0.14793709E-05
   -0.14902050E-05
    0.19938030E-05
   -0.50999200E-06
    0.63150456E-06
   -0.26739733E-05
    0.66255836E-06
    0.33409409E-05
   -0.25518858E-05
    0.63617607E-06
    0.31949689E-05
    0.14008192E-07
   -0.24714268E-05
    0.51812772E-05
