    0.35948590E-06
   -0.48219519E-07
   -0.22163174E-05
    0.32088431E-05
    0.54861756E-06
   -0.43308739E-05
    0.18242222E-05
    0.55348703E-06
    0.59734705E-07
    0.17793774E-05
   -0.29099474E-05
   -0.76083201E-06
    0.44927559E-05
   -0.18964480E-05
    0.10168677E-05
   -0.30737247E-05
    0.16486818E-05
   -0.28518677E-05
   -0.38519243E-07
    0.34550866E-05
   -0.61184312E-06
    0.18968276E-06
   -0.41531076E-06
    0.20507901E-05
   -0.77117874E-06
    0.38691012E-06
    0.10204884E-05
   -0.60981430E-06
    0.16132176E-05
   -0.24835120E-05
    0.22810657E-05
   -0.25915251E-05
    0.38691936E-05
    0.12147867E-05
   -0.73321794E-06
   -0.33257731E-06
   -0.46202750E-05
    0.43965067E-05
   -0.32649103E-05
    0.15673548E-05
   -0.16757688E-05
    0.68794252E-06
    0.30889308E-05
   -0.16867460E-06
    0.41101153E-06
   -0.20270753E-05
   -0.99804132E-06
   -0.16067537E-05
    0.28556167E-05
    0.47428611E-07
   -0.34398245E-05
    0.61884122E-06
    0.76216345E-06
   -0.35215324E-06
   -0.11574367E-05
    0.25277471E-05
   -0.15267723E-05
    0.57740125E-06
   -0.38462881E-05
    0.25338853E-05
   -0.22313375E-05
    0.33166022E-06
    0.79628926E-06
   -0.12286340E-05
    0.32847482E-05
   -0.44225716E-05
    0.46455123E-05
   -0.69209404E-06
    0.17099314E-05
   -0.15695845E-05
   -0.70663375E-08
    0.11522017E-07
   -0.41249843E-07
   -0.16864030E-06
   -0.26965506E-06
   -0.11413638E-06
   -0.13422657E-06
   -0.23302143E-06
    0.46049658E-07
    0.17288679E-06
    0.27950618E-06
    0.12882582E-06
    0.14769101E-06
    0.24327923E-06
   -0.62716594E-08
    0.38368123E-05
    0.22039053E-04
    0.32874447E-04
    0.11964151E-04
   -0.10878014E-04
   -0.15102427E-04
   -0.23593391E-04
   -0.32287049E-04
   -0.17738231E-04
    0.36194876E-05
    0.92944365E-05
    0.96038077E-05
    0.13688557E-04
    0.96326927E-05
   -0.30075308E-05
   -0.77099891E-05
   -0.46944622E-05
   -0.50004570E-05
    0.82855500E-06
   -0.32187338E-06
   -0.34336144E-04
   -0.48875623E-04
   -0.38516350E-04
   -0.20236964E-04
   -0.88196472E-06
    0.18061611E-04
    0.30435265E-04
    0.31934751E-04
    0.24647129E-04
    0.98398371E-05
   -0.10542387E-04
   -0.25259182E-04
   -0.23194966E-04
   -0.95172678E-05
    0.27388074E-05
    0.87742273E-05
    0.98190236E-05
    0.61723658E-05
    0.31367513E-05
    0.69703619E-05
   -0.33422335E-06
   -0.10949293E-04
   -0.36648297E-05
    0.65072472E-05
    0.12434720E-04
    0.18347673E-05
   -0.15156297E-04
   -0.93440553E-07
    0.19286234E-04
   -0.77248842E-06
    0.47217377E-05
   -0.44129858E-05
   -0.26591895E-05
    0.13087982E-04
   -0.22642869E-05
    0.15144665E-04
    0.40838628E-05
   -0.15273504E-04
   -0.37715674E-05
   -0.89387937E-05
    0.13446739E-04
    0.10013825E-04
   -0.18255791E-04
   -0.18050232E-04
   -0.14894010E-04
    0.19287244E-06
    0.15752126E-04
   -0.99522762E-06
   -0.17531153E-04
   -0.87791481E-05
   -0.14324357E-04
    0.11894515E-04
    0.14305151E-04
   -0.13920063E-04
    0.10376842E-05
   -0.23803479E-04
    0.34936754E-05
    0.21968272E-04
   -0.11952107E-04
    0.48159060E-05
   -0.25533154E-04
    0.17335140E-05
    0.32431847E-04
   -0.62420539E-07
    0.59908364E-05
   -0.20632667E-04
   -0.58950552E-05
    0.27036689E-04
    0.15015631E-04
    0.10135743E-04
   -0.54852909E-07
   -0.16435509E-04
   -0.42491418E-05
    0.16687441E-04
    0.77850041E-05
    0.32473481E-04
   -0.11179679E-04
   -0.34286902E-04
    0.11578989E-04
   -0.35490365E-05
    0.50190802E-04
   -0.29336924E-05
   -0.49729344E-04
    0.10790099E-04
   -0.70976660E-05
    0.47940751E-04
   -0.30111257E-05
   -0.54673314E-04
    0.72523164E-05
   -0.54475836E-05
    0.34704541E-04
    0.33664976E-05
   -0.38776253E-04
   -0.35232116E-05
   -0.80155924E-05
    0.55141994E-05
    0.12765223E-04
   -0.11252854E-05
   -0.11610906E-04
   -0.38803161E-05
   -0.32710422E-04
    0.96308029E-05
    0.36083412E-04
   -0.11049270E-04
    0.35083223E-05
   -0.55832455E-04
    0.40998824E-05
    0.57663125E-04
   -0.83772605E-05
    0.27060413E-05
   -0.51250424E-04
    0.78769725E-05
    0.59671098E-04
   -0.83136908E-05
    0.14955779E-05
   -0.28183711E-04
    0.70067668E-05
    0.36571828E-04
   -0.51279963E-05
   -0.80447519E-06
    0.37410083E-06
   -0.24580402E-07
   -0.51455309E-06
    0.33839783E-06
   -0.25692804E-06
   -0.11012087E-06
   -0.59836646E-07
    0.11204795E-05
    0.90827610E-06
   -0.25953657E-06
    0.11439230E-05
    0.23023257E-05
    0.33169821E-05
    0.27314515E-05
    0.13957427E-05
   -0.13311677E-05
   -0.68811765E-06
   -0.68082635E-06
   -0.13310894E-05
   -0.11110635E-05
    0.67159066E-08
   -0.38808850E-05
   -0.22114833E-04
   -0.32676498E-04
   -0.11858051E-04
    0.10762093E-04
    0.15233288E-04
    0.23832430E-04
    0.32379826E-04
    0.17831308E-04
   -0.34397963E-05
   -0.90487755E-05
   -0.94445882E-05
   -0.13570603E-04
   -0.93926362E-05
    0.30992421E-05
    0.76291441E-05
    0.47258846E-05
    0.50019142E-05
   -0.83772997E-06
    0.34349806E-06
   -0.69317084E-05
    0.34300469E-06
    0.10925378E-04
    0.37112740E-05
   -0.64133934E-05
    0.34487639E-04
    0.49048441E-04
    0.38584016E-04
    0.20326603E-04
    0.10883400E-05
   -0.17841620E-04
   -0.30270059E-04
   -0.31899503E-04
   -0.24873453E-04
   -0.10263946E-04
    0.10121396E-04
    0.24933873E-04
    0.22980908E-04
    0.93950619E-05
   -0.28067505E-05
   -0.87772232E-05
   -0.97759597E-05
   -0.61514056E-05
   -0.30932183E-05
   -0.13933018E-05
    0.28083410E-04
   -0.71278671E-05
   -0.36556426E-04
    0.51817703E-05
   -0.27377378E-05
    0.51222942E-04
   -0.79048959E-05
   -0.59621308E-04
    0.84129900E-05
   -0.34360498E-05
    0.55989658E-04
   -0.41200326E-05
   -0.57775718E-04
    0.83930126E-05
    0.39299490E-05
    0.32786911E-04
   -0.98220468E-05
   -0.36327456E-04
    0.11100900E-04
    0.80406273E-05
   -0.54516529E-05
   -0.12884971E-04
    0.10365818E-05
    0.11771685E-04
    0.55691476E-05
   -0.34654725E-04
   -0.34319574E-05
    0.38753564E-04
    0.35619229E-05
    0.70801683E-05
   -0.48124774E-04
    0.28670386E-05
    0.54672561E-04
   -0.72966412E-05
    0.35947248E-05
   -0.50341930E-04
    0.29557196E-05
    0.49960160E-04
   -0.10734971E-04
   -0.76917310E-05
   -0.32666112E-04
    0.11248045E-04
    0.34597986E-04
   -0.11570371E-04
   -0.10239025E-04
   -0.31246331E-06
    0.16462456E-04
    0.45452723E-05
   -0.16786056E-04
   -0.59109124E-05
    0.20433331E-04
    0.60728267E-05
   -0.26636570E-04
   -0.15109198E-04
   -0.47225512E-05
    0.25187918E-04
   -0.17025984E-05
   -0.32090632E-04
   -0.60524240E-07
   -0.11836251E-05
    0.23329226E-04
   -0.34977174E-05
   -0.21665841E-04
    0.11801683E-04
    0.87971250E-05
    0.14255500E-04
   -0.11627853E-04
   -0.14020610E-04
    0.13742889E-04
    0.14832421E-04
   -0.30264761E-06
   -0.15680479E-04
    0.99080510E-06
    0.17293898E-04
    0.87219783E-05
   -0.13584247E-04
   -0.99832829E-05
    0.18215354E-04
    0.17920836E-04
    0.22866508E-05
   -0.14929374E-04
   -0.38361160E-05
    0.15338206E-04
    0.37501035E-05
    0.76046209E-06
   -0.47174466E-05
    0.43124044E-05
    0.24902560E-05
   -0.13157208E-04
   -0.12409956E-04
   -0.18856503E-05
    0.15015440E-04
    0.54614885E-07
   -0.19182620E-04
    0.79315739E-06
   -0.36932196E-06
    0.25805223E-07
    0.52192375E-06
   -0.31768766E-06
    0.25739140E-06
    0.13048875E-05
    0.65352967E-06
    0.64501200E-06
    0.13162730E-05
    0.11120155E-05
   -0.11144593E-05
   -0.22502443E-05
   -0.32502462E-05
   -0.26651484E-05
   -0.13444841E-05
    0.12114568E-06
    0.80105634E-07
   -0.10958855E-05
   -0.90907268E-06
    0.24944012E-06
   -0.14173741E-05
   -0.10760222E-06
    0.12018476E-05
    0.25047608E-07
   -0.13005923E-05
   -0.38272524E-06
    0.12123214E-06
   -0.15902876E-05
   -0.16948923E-05
    0.39664072E-06
    0.25759775E-06
   -0.63284539E-06
    0.17187730E-06
    0.93187118E-06
    0.55755649E-06
   -0.41684423E-06
   -0.18389129E-06
    0.10324670E-05
   -0.22453954E-05
    0.12256496E-05
    0.16871636E-06
   -0.12419617E-05
   -0.48894180E-07
    0.13066709E-05
    0.37033305E-06
   -0.16354172E-06
    0.16023541E-05
    0.17117334E-05
   -0.41783351E-06
   -0.24510785E-06
    0.64912828E-06
   -0.19445458E-06
   -0.93526465E-06
   -0.56983291E-06
    0.39363050E-06
    0.18956281E-06
   -0.10496520E-05
    0.22489324E-05
   -0.13287574E-04
    0.17739515E-05
    0.12048396E-04
   -0.52071630E-05
    0.13509475E-06
    0.15189102E-05
    0.39846603E-05
   -0.12676236E-05
   -0.82475565E-05
   -0.47641497E-05
   -0.60914891E-06
    0.34363289E-05
   -0.94846846E-05
    0.51445585E-06
    0.11095076E-04
    0.13677771E-05
    0.66512209E-07
    0.54611005E-06
    0.31051430E-05
   -0.39060901E-06
    0.18017534E-05
   -0.70631176E-05
    0.11414586E-05
    0.11114039E-04
   -0.42978643E-05
    0.98588755E-06
    0.60367842E-05
    0.44154442E-05
   -0.43976965E-06
   -0.52432897E-05
    0.10133917E-06
   -0.50646809E-06
   -0.71608210E-06
   -0.57612467E-05
    0.42053305E-06
    0.30972335E-05
    0.94015758E-06
   -0.68931054E-06
   -0.23502050E-05
    0.30159678E-05
   -0.55399504E-06
   -0.44677917E-05
   -0.47188646E-06
   -0.88144301E-06
    0.29902118E-05
   -0.21356009E-05
    0.47152313E-06
    0.23951933E-05
    0.19494594E-05
   -0.19820905E-06
   -0.71341876E-06
    0.10361702E-05
   -0.57623061E-06
    0.79721842E-06
   -0.19886193E-05
    0.18150827E-05
   -0.11810072E-05
    0.19752974E-05
   -0.18142878E-05
    0.11859958E-05
   -0.10126614E-05
    0.57586067E-06
   -0.82026346E-06
   -0.19113309E-05
    0.20877985E-06
    0.64660766E-06
    0.21437025E-05
   -0.49337417E-06
   -0.23276533E-05
    0.47069321E-06
    0.88969600E-06
   -0.30033986E-05
   -0.29139094E-05
    0.57888926E-06
    0.43087924E-05
   -0.85891881E-06
    0.66119051E-06
    0.23402645E-05
    0.56671131E-05
   -0.39036617E-06
   -0.30025067E-05
   -0.47754624E-07
    0.55404065E-06
    0.59995071E-06
   -0.42253454E-05
    0.42572802E-06
    0.51219125E-05
    0.42306133E-05
   -0.95597744E-06
   -0.59581649E-05
    0.70393921E-05
   -0.10999211E-05
   -0.11099541E-04
   -0.28176581E-05
    0.37086942E-06
   -0.20721029E-05
   -0.12390522E-05
   -0.67231255E-07
   -0.65551253E-06
    0.93934191E-05
   -0.48397559E-06
   -0.10988349E-04
    0.49507412E-05
    0.59101129E-06
   -0.35935313E-05
   -0.37067555E-05
    0.12524114E-05
    0.79633478E-05
    0.51806198E-05
   -0.11887503E-06
   -0.14639858E-05
    0.13192888E-04
   -0.16070123E-05
   -0.11955548E-04
   -0.34546577E-05
   -0.38955283E-05
   -0.21912579E-05
   -0.66969396E-06
    0.62329591E-06
    0.64985834E-06
    0.12153472E-06
    0.49468553E-06
    0.19491940E-05
    0.12178025E-05
   -0.10759984E-05
   -0.15700971E-05
   -0.96436944E-06
   -0.12985301E-05
    0.13518120E-06
    0.21722183E-05
    0.16689808E-05
   -0.46334352E-06
   -0.15564801E-05
    0.34532603E-05
    0.38999113E-05
    0.22115225E-05
    0.69234050E-06
   -0.60231594E-06
   -0.64683092E-06
   -0.14651526E-06
   -0.52130573E-06
   -0.19645089E-05
   -0.12311022E-05
    0.10739029E-05
    0.15713798E-05
    0.96201113E-06
    0.12966709E-05
   -0.14081350E-06
   -0.21656865E-05
   -0.16456707E-05
    0.46616792E-06
    0.15734906E-05
   -0.16983220E-04
    0.15359185E-05
    0.22197365E-04
   -0.18251929E-04
    0.15553297E-05
    0.26417491E-04
   -0.69466142E-05
    0.77266053E-06
    0.14110943E-04
    0.10754216E-05
    0.49416663E-06
    0.23700371E-05
    0.20028055E-05
   -0.62029852E-06
   -0.56568322E-06
   -0.34278986E-05
   -0.89630253E-06
    0.10802125E-05
   -0.38096751E-05
   -0.51755170E-06
   -0.17488591E-05
    0.90171850E-06
    0.16014465E-06
   -0.83735823E-05
    0.89551222E-05
   -0.91167767E-06
   -0.12720420E-04
    0.66270077E-05
   -0.46311467E-08
   -0.89070592E-05
   -0.83221533E-06
    0.12592941E-05
    0.13776150E-05
   -0.84871644E-05
    0.12156479E-05
    0.12133520E-04
   -0.69274887E-05
   -0.30071440E-06
    0.12989810E-04
   -0.37741655E-05
    0.84690009E-06
    0.41618964E-05
    0.36555535E-05
   -0.30364982E-06
   -0.36128785E-05
    0.52407966E-05
   -0.14838679E-05
   -0.46767696E-05
    0.36927245E-05
   -0.14198420E-05
   -0.29065376E-05
   -0.13686614E-05
    0.10747958E-05
   -0.18725180E-05
   -0.14351109E-05
    0.15717111E-05
   -0.17251048E-05
    0.14439002E-05
   -0.15519247E-05
    0.17165392E-05
    0.14055167E-05
   -0.10733619E-05
    0.18816180E-05
   -0.36988908E-05
    0.14456502E-05
    0.29134499E-05
   -0.52333386E-05
    0.15039732E-05
    0.47058594E-05
   -0.36026801E-05
    0.31416076E-06
    0.36277571E-05
    0.38461390E-05
   -0.81116761E-06
   -0.41804022E-05
    0.69773691E-05
    0.34683873E-06
   -0.12969419E-04
    0.84251130E-05
   -0.11358240E-05
   -0.11996985E-04
    0.65976738E-06
   -0.11665342E-05
   -0.11187908E-05
   -0.68082367E-05
    0.89058727E-07
    0.91812237E-05
   -0.90172130E-05
    0.96345462E-06
    0.12823449E-04
   -0.75114622E-06
   -0.17277448E-06
    0.82496195E-05
    0.40976243E-05
    0.45820707E-06
    0.14808780E-05
    0.36484546E-05
    0.85157375E-06
   -0.13182404E-05
   -0.19476012E-05
    0.59084942E-06
    0.49127620E-06
   -0.11227388E-05
   -0.51093249E-06
   -0.23095306E-05
    0.69468435E-05
   -0.78353150E-06
   -0.14107629E-04
    0.18404260E-04
   -0.15833110E-05
   -0.26567132E-04
    0.17160371E-04
   -0.15597192E-05
   -0.22367287E-04
