    0.24298514E-05
    0.21908582E-05
    0.72677455E-06
   -0.66009157E-06
   -0.95489721E-06
    0.72643251E-06
    0.53164120E-06
    0.24031663E-05
    0.21881012E-05
    0.72952498E-06
   -0.65607999E-06
   -0.95547659E-06
    0.72010023E-06
    0.53583004E-06
    0.18380441E-05
    0.16046607E-05
    0.46588615E-06
   -0.32430700E-06
   -0.79923362E-06
    0.48478187E-06
    0.66483763E-06
    0.15259151E-04
    0.20371924E-04
    0.12603981E-04
    0.10901167E-04
    0.15769778E-04
    0.99732559E-05
    0.40188313E-05
    0.69750991E-05
    0.47341280E-05
   -0.87710579E-05
   -0.11479670E-04
   -0.62710861E-05
   -0.10194213E-04
   -0.15016256E-04
   -0.84929290E-05
    0.47901566E-06
   -0.11205279E-05
   -0.22626000E-06
    0.63469366E-05
    0.80175301E-05
    0.38296209E-05
    0.16046630E-05
    0.15317853E-04
    0.20454422E-04
    0.12658765E-04
    0.18490771E-05
    0.47780922E-06
   -0.34046337E-06
   -0.79929341E-06
    0.49827145E-06
    0.65264426E-06
    0.10880428E-04
    0.15780135E-04
    0.99895661E-05
    0.47036664E-05
    0.69401128E-05
    0.40037563E-05
   -0.63450163E-05
   -0.11597624E-04
   -0.88515481E-05
   -0.84763894E-05
   -0.14985117E-04
   -0.10165513E-04
   -0.14250201E-06
   -0.98980440E-06
    0.57292043E-06
    0.38249156E-05
    0.80021593E-05
    0.63239763E-05
   -0.90742734E-06
   -0.89750949E-06
   -0.74851267E-07
    0.99779625E-06
   -0.14794678E-06
    0.89958827E-07
    0.38048114E-06
    0.44655306E-06
   -0.77536848E-07
    0.99332843E-06
   -0.14561166E-06
    0.89514964E-07
    0.37782163E-06
    0.45046975E-06
    0.15340405E-06
    0.19701802E-05
   -0.20623961E-05
   -0.13362485E-06
    0.13263154E-05
   -0.17295862E-05
   -0.24002574E-05
    0.12033694E-05
    0.14124103E-05
   -0.12175369E-05
    0.61482568E-06
    0.33705974E-05
    0.42028132E-06
   -0.24551261E-05
   -0.11184939E-06
    0.64947398E-06
   -0.21844661E-05
   -0.14198301E-05
    0.30338246E-05
    0.12497709E-07
   -0.41894308E-06
    0.20972602E-05
   -0.15774804E-05
   -0.58915721E-06
    0.53375394E-06
    0.65551408E-06
    0.36639155E-06
    0.24067027E-06
   -0.54096548E-06
   -0.10269935E-05
    0.22831578E-06
    0.15277770E-05
    0.70285204E-06
   -0.73576775E-06
   -0.76949940E-06
   -0.22174013E-06
   -0.16095174E-08
    0.72548485E-06
    0.10939706E-05
   -0.38668853E-06
    0.88379328E-06
    0.35127365E-07
    0.42166046E-07
    0.81999840E-07
    0.65961361E-06
    0.13925861E-06
   -0.32489787E-06
    0.13084451E-05
   -0.72844979E-06
    0.13203710E-05
   -0.20421276E-05
    0.24442404E-05
   -0.23651694E-05
    0.20525922E-05
   -0.11814157E-05
    0.74261151E-06
   -0.76999539E-06
    0.12000657E-05
   -0.43230476E-06
    0.22648257E-06
    0.23684057E-05
   -0.16773112E-05
    0.50970763E-06
   -0.52703791E-06
   -0.67978756E-07
   -0.16086631E-05
    0.92884751E-06
   -0.22254881E-06
    0.22880680E-06
   -0.52024968E-06
    0.64764306E-06
   -0.49009411E-06
   -0.46719372E-06
   -0.16097543E-06
   -0.21078209E-06
    0.15005507E-05
   -0.14450263E-05
    0.21180391E-05
   -0.13571643E-05
    0.10076401E-05
    0.75970399E-06
   -0.19950131E-06
   -0.56409612E-06
    0.43585047E-06
   -0.13998332E-06
   -0.36241887E-05
    0.34279440E-05
   -0.15367185E-05
    0.20897421E-05
   -0.91453565E-06
    0.11181454E-05
   -0.49504333E-06
   -0.10641179E-06
    0.17324945E-07
    0.61912175E-06
    0.66921448E-06
   -0.36471292E-06
    0.19353157E-05
   -0.97726646E-06
    0.14492833E-05
    0.23494342E-06
   -0.13204239E-06
   -0.68096507E-06
    0.31626071E-08
    0.30218958E-06
   -0.23924456E-05
    0.21769668E-05
   -0.59248715E-06
    0.10438788E-05
   -0.77040715E-06
    0.32806037E-05
   -0.27981086E-05
    0.82330614E-06
   -0.10105377E-05
    0.16497565E-06
   -0.15282524E-06
    0.40397560E-06
    0.68190004E-06
    0.29868151E-06
   -0.70401263E-06
    0.86165775E-07
   -0.17591128E-06
   -0.12941734E-05
    0.50756243E-06
   -0.70336267E-06
   -0.11720450E-05
    0.13770135E-05
    0.57722595E-06
    0.29308294E-06
    0.12266047E-06
    0.42208170E-05
   -0.37170185E-05
    0.23129142E-05
   -0.24479323E-05
    0.26455075E-05
   -0.30704464E-05
    0.36101715E-05
   -0.11065831E-05
    0.25164661E-05
   -0.11483370E-05
   -0.35011968E-05
   -0.46988453E-05
   -0.27790389E-05
   -0.32643209E-06
   -0.12589672E-05
   -0.93822281E-06
    0.20357951E-05
   -0.60719240E-06
   -0.42586502E-06
    0.98621578E-06
    0.47344540E-06
    0.17039802E-05
   -0.15742449E-05
   -0.89784551E-06
    0.19517034E-05
    0.18000884E-05
    0.67679223E-06
   -0.21611158E-05
   -0.75868702E-06
    0.23688582E-05
    0.22685298E-05
    0.17783701E-06
    0.19455038E-05
   -0.20193825E-05
   -0.10530485E-06
    0.12648414E-05
   -0.17385762E-05
   -0.23358392E-05
    0.11754140E-05
    0.13386042E-05
   -0.11851166E-05
    0.64853249E-06
    0.33037641E-05
    0.40915435E-06
   -0.23771038E-05
   -0.11906067E-06
    0.59781959E-06
   -0.21302822E-05
   -0.13579990E-05
    0.29726566E-05
    0.27466744E-07
   -0.41501306E-06
    0.88230759E-06
    0.48326589E-07
    0.49455175E-07
    0.86872845E-07
    0.66821976E-06
    0.21210952E-05
   -0.15857774E-05
   -0.59230192E-06
    0.52070900E-06
    0.66904179E-06
    0.39406070E-06
    0.22944301E-06
   -0.57726625E-06
   -0.10394221E-05
    0.22776915E-06
    0.15206832E-05
    0.71735151E-06
   -0.70638024E-06
   -0.77302519E-06
   -0.24402262E-06
    0.88320748E-08
    0.74811450E-06
    0.10996702E-05
   -0.39157343E-06
   -0.30505851E-05
    0.36140809E-05
   -0.10967891E-05
    0.25036513E-05
   -0.11412178E-05
    0.41835303E-05
   -0.37015220E-05
    0.22881195E-05
   -0.24203302E-05
    0.26274613E-05
   -0.12043747E-05
    0.14122879E-05
    0.56180017E-06
    0.28967388E-06
    0.13143326E-06
    0.14305659E-06
   -0.24034151E-06
   -0.12574198E-05
    0.48660081E-06
   -0.69396071E-06
   -0.15731028E-06
    0.41440973E-06
    0.67694786E-06
    0.29082741E-06
   -0.70197601E-06
    0.32122739E-05
   -0.27570607E-05
    0.76577385E-06
   -0.96014177E-06
    0.11332595E-06
   -0.23831813E-05
    0.21681128E-05
   -0.58666163E-06
    0.10196396E-05
   -0.76357506E-06
    0.29457335E-06
   -0.20616366E-06
   -0.64014382E-06
   -0.36996055E-07
    0.31297123E-06
    0.62321496E-06
   -0.32846794E-06
    0.19023251E-05
   -0.97283725E-06
    0.14331527E-05
    0.10812584E-05
   -0.48068755E-06
   -0.13495293E-06
    0.36656358E-07
    0.59120834E-06
   -0.35726216E-05
    0.33890950E-05
   -0.15032583E-05
    0.20564730E-05
   -0.89464506E-06
    0.77294974E-06
   -0.21617528E-06
   -0.55657492E-06
    0.43936378E-06
   -0.14354132E-06
    0.14294032E-05
   -0.13704419E-05
    0.20649624E-05
   -0.13110007E-05
    0.98229347E-06
    0.66970678E-06
   -0.50788900E-06
   -0.44505545E-06
   -0.16835980E-06
   -0.19371183E-06
   -0.15486801E-05
    0.89380192E-06
   -0.17604379E-06
    0.19736035E-06
   -0.48137442E-06
    0.23393665E-05
   -0.16455578E-05
    0.49603346E-06
   -0.50441107E-06
   -0.70489680E-07
    0.69684928E-06
   -0.70995708E-06
    0.11637558E-05
   -0.39000278E-06
    0.20749765E-06
   -0.19674487E-05
    0.23924277E-05
   -0.23097576E-05
    0.20251144E-05
   -0.11533587E-05
    0.14096274E-06
   -0.30741217E-06
    0.13094333E-05
   -0.71758215E-06
    0.13266687E-05
   -0.34030718E-05
   -0.45760990E-05
   -0.27058369E-05
   -0.38364341E-06
   -0.13258896E-05
   -0.97198174E-06
    0.68621197E-06
   -0.21268923E-05
   -0.76126164E-06
    0.23395641E-05
    0.22674577E-05
    0.16971441E-05
   -0.15470995E-05
   -0.91111267E-06
    0.19135019E-05
    0.18183571E-05
    0.20127757E-05
   -0.59611036E-06
   -0.43764888E-06
    0.96272804E-06
    0.50504484E-06
    0.12050835E-05
   -0.37223315E-05
    0.63406491E-06
    0.39854077E-05
   -0.10977163E-05
   -0.26472809E-05
    0.27691880E-05
    0.19428667E-05
   -0.36653590E-05
   -0.12106410E-05
    0.34929798E-05
   -0.36728243E-06
   -0.34597969E-05
    0.17375463E-05
    0.33069324E-05
   -0.22438067E-05
   -0.20265632E-05
    0.38554789E-05
   -0.10571279E-05
    0.12189057E-05
   -0.37332993E-05
    0.61945672E-06
    0.40083306E-05
   -0.10952947E-05
   -0.26715094E-05
    0.27769703E-05
    0.19641813E-05
   -0.36800098E-05
   -0.12237977E-05
    0.35132760E-05
   -0.36300809E-06
   -0.34834442E-05
    0.17414852E-05
    0.33294637E-05
   -0.22561074E-05
   -0.20423033E-05
    0.38780644E-05
   -0.10570032E-05
    0.10300465E-05
    0.11412371E-05
    0.10604000E-05
   -0.10809176E-04
   -0.14268441E-04
   -0.96388000E-05
    0.11413267E-05
    0.14897685E-05
    0.12139160E-05
    0.10690674E-04
    0.14261928E-04
    0.10042415E-04
   -0.20494710E-05
   -0.28298734E-05
   -0.19659746E-05
   -0.62999107E-05
   -0.85064687E-05
   -0.59378693E-05
    0.71757495E-05
    0.95699401E-05
    0.67239872E-05
    0.45372696E-05
    0.60568333E-05
    0.42960380E-05
   -0.10423281E-04
   -0.13974917E-04
   -0.97190366E-05
   -0.43131418E-05
   -0.57670261E-05
   -0.39979954E-05
    0.80697114E-05
    0.10846987E-04
    0.76249088E-05
   -0.13469332E-05
   -0.18142022E-05
   -0.12561708E-05
   -0.87865450E-05
   -0.11848973E-04
   -0.83000852E-05
    0.50616989E-05
    0.66865516E-05
    0.46835334E-05
    0.93691102E-05
    0.12467118E-04
    0.87187636E-05
   -0.51942536E-05
   -0.70503687E-05
   -0.49332798E-05
   -0.48771949E-05
   -0.64796549E-05
   -0.45656306E-05
    0.80966763E-05
    0.10854591E-04
    0.79143414E-05
   -0.13100765E-05
   -0.17719780E-05
   -0.15859426E-05
   -0.13402861E-05
   -0.18175465E-05
   -0.16134482E-05
    0.78745088E-05
    0.10554090E-04
    0.77031853E-05
   -0.47092213E-05
   -0.62633331E-05
   -0.44202063E-05
   -0.50676700E-05
   -0.68837139E-05
   -0.48186812E-05
    0.91337339E-05
    0.12150027E-04
    0.84997162E-05
    0.50263753E-05
    0.66354787E-05
    0.46456149E-05
   -0.85311958E-05
   -0.11510795E-04
   -0.80683149E-05
   -0.13847403E-05
   -0.18662779E-05
   -0.12934768E-05
    0.78600650E-05
    0.10566940E-04
    0.74308123E-05
   -0.41800233E-05
   -0.55866922E-05
   -0.38719252E-05
   -0.10279466E-04
   -0.13779141E-04
   -0.95821940E-05
    0.43028182E-05
    0.57486580E-05
    0.40861687E-05
    0.70855439E-05
    0.94545770E-05
    0.66475550E-05
   -0.60485574E-05
   -0.81680173E-05
   -0.57044787E-05
   -0.20785713E-05
   -0.28649686E-05
   -0.19882176E-05
    0.10454403E-04
    0.13947419E-04
    0.98258994E-05
    0.12767853E-05
    0.16698900E-05
    0.13451475E-05
   -0.10606376E-04
   -0.14042903E-04
   -0.95190227E-05
    0.95703991E-06
    0.10592309E-05
    0.98635739E-06
    0.34420901E-05
   -0.12380651E-05
   -0.16378389E-05
   -0.78054722E-06
    0.31934287E-06
    0.32346967E-06
   -0.57193965E-06
   -0.11506567E-05
   -0.32941465E-06
    0.15196655E-05
    0.25887743E-05
    0.15387419E-05
   -0.81850549E-06
   -0.24244099E-05
   -0.20785354E-05
   -0.29936946E-06
    0.13227269E-05
    0.14012649E-05
    0.31616195E-06
    0.34328465E-05
   -0.12297726E-05
   -0.16312021E-05
   -0.78254072E-06
    0.31135011E-06
    0.31695211E-06
   -0.57080951E-06
   -0.11414582E-05
   -0.31874063E-06
    0.15238045E-05
    0.25843002E-05
    0.15303827E-05
   -0.82377200E-06
   -0.24233014E-05
   -0.20741174E-05
   -0.29763412E-06
    0.13188113E-05
    0.13951857E-05
    0.32247391E-06
    0.15109898E-04
    0.19319720E-04
    0.13888053E-04
   -0.48822156E-05
   -0.72374173E-05
   -0.46490007E-05
   -0.11793664E-04
   -0.15930734E-04
   -0.10799466E-04
   -0.72515413E-05
   -0.89161350E-05
   -0.63911714E-05
   -0.96108480E-06
    0.22042146E-06
   -0.21292855E-06
   -0.37337517E-06
    0.85352554E-06
    0.29215978E-06
   -0.46461576E-05
   -0.59206465E-05
   -0.42239387E-05
   -0.69073333E-05
   -0.99323294E-05
   -0.67245254E-05
   -0.10827834E-05
   -0.25200035E-05
   -0.13893405E-05
    0.10483160E-04
    0.12892542E-04
    0.91549512E-05
    0.16686280E-04
    0.21431773E-04
    0.14836005E-04
    0.94550080E-05
    0.12440213E-04
    0.86090322E-05
   -0.58223341E-05
   -0.74135340E-05
   -0.50791722E-05
   -0.16197809E-04
   -0.21081979E-04
   -0.14664822E-04
   -0.14372011E-04
   -0.18345944E-04
   -0.12883791E-04
   -0.33952308E-05
   -0.34219049E-05
   -0.25618139E-05
    0.71601078E-05
    0.10136830E-04
    0.68125134E-05
    0.89548261E-05
    0.11323380E-04
    0.77028991E-05
    0.25643458E-05
    0.24262885E-05
    0.21812006E-05
    0.25109628E-05
    0.23439437E-05
    0.21183730E-05
    0.90381094E-05
    0.11429740E-04
    0.77712686E-05
    0.72414991E-05
    0.10236199E-04
    0.68746664E-05
   -0.34016518E-05
   -0.34469535E-05
   -0.25794997E-05
   -0.14420155E-04
   -0.18430856E-04
   -0.12939504E-04
   -0.16178439E-04
   -0.21076119E-04
   -0.14662926E-04
   -0.56814316E-05
   -0.72425963E-05
   -0.49733588E-05
    0.96406863E-05
    0.12678745E-04
    0.87583823E-05
    0.16764502E-04
    0.21541845E-04
    0.14906872E-04
    0.10355256E-04
    0.12747250E-04
    0.90684942E-05
   -0.13620877E-05
   -0.28532185E-05
   -0.15912390E-05
   -0.71516328E-05
   -0.10223762E-04
   -0.69014293E-05
   -0.47056954E-05
   -0.59807957E-05
   -0.42586773E-05
   -0.25781529E-06
    0.10162044E-05
    0.39632047E-06
   -0.80193904E-06
    0.43124866E-06
   -0.79531868E-07
   -0.72045710E-05
   -0.88616854E-05
   -0.63572363E-05
   -0.11901725E-04
   -0.16083329E-04
   -0.10896580E-04
   -0.49895520E-05
   -0.73849699E-05
   -0.47450109E-05
    0.15231357E-04
    0.19469605E-04
    0.13981203E-04
