    0.10735677E-06
    0.87676405E-07
    0.91814133E-07
    0.84905247E-07
    0.81692808E-07
    0.81532501E-07
    0.84875508E-07
    0.10585510E-06
    0.87668617E-07
    0.92077468E-07
    0.84893373E-07
    0.81672933E-07
    0.81523457E-07
    0.84865863E-07
    0.66360403E-07
    0.88694622E-07
    0.67546873E-07
    0.69726504E-07
    0.72031060E-07
    0.75887134E-07
    0.82913467E-07
    0.75685723E-07
    0.74639773E-07
    0.79252678E-07
    0.74784202E-07
    0.80907368E-07
    0.85762135E-07
    0.75593127E-07
    0.81364695E-07
    0.87427323E-07
    0.75686734E-07
    0.80937298E-07
    0.84702270E-07
    0.76503189E-07
    0.79694628E-07
    0.81844714E-07
    0.76876960E-07
    0.77815849E-07
    0.80211996E-07
    0.75607213E-07
    0.74479886E-07
    0.79939106E-07
    0.89983623E-07
    0.76624019E-07
    0.75255236E-07
    0.79559996E-07
    0.68029044E-07
    0.69158829E-07
    0.71227080E-07
    0.73405568E-07
    0.77177469E-07
    0.84183721E-07
    0.76209138E-07
    0.82289139E-07
    0.87105770E-07
    0.88633980E-07
    0.82593932E-07
    0.76988581E-07
    0.85014139E-07
    0.81924299E-07
    0.76934059E-07
    0.82233931E-07
    0.80415674E-07
    0.77610733E-07
    0.80550386E-07
    0.78492276E-07
    0.77877222E-07
    0.80247595E-07
    0.75101758E-07
    0.76560172E-07
   -0.19180862E-07
   -0.19173894E-07
    0.30660921E-07
   -0.91775704E-08
   -0.30568074E-08
    0.22451700E-08
    0.85982403E-08
    0.17718112E-07
    0.30669050E-07
   -0.91681545E-08
   -0.30376015E-08
    0.22723202E-08
    0.86275858E-08
    0.17742048E-07
   -0.21921385E-07
    0.50992148E-07
    0.33871224E-07
    0.24729672E-07
    0.24499730E-07
    0.25917918E-07
    0.27177514E-07
    0.27855418E-07
    0.20332152E-07
    0.51379987E-08
   -0.53874251E-08
   -0.94907912E-08
   -0.13428773E-07
   -0.11330974E-07
    0.53175079E-09
    0.74733567E-08
    0.19901384E-08
   -0.39536508E-08
   -0.76804703E-08
   -0.16133776E-07
    0.31652119E-07
    0.55703346E-07
    0.37668062E-07
    0.27707584E-07
    0.24189702E-07
    0.23743966E-07
    0.24364767E-07
    0.26601431E-07
    0.31626516E-07
    0.37958498E-07
    0.40244746E-07
    0.32211154E-07
    0.12886641E-07
   -0.98273605E-08
   -0.23652749E-07
   -0.21285879E-07
   -0.55728681E-08
    0.13443764E-07
    0.26434860E-07
    0.31142718E-07
   -0.10476081E-07
   -0.37815671E-08
    0.18894775E-08
    0.82764999E-08
    0.17839379E-07
   -0.87642146E-08
   -0.31648469E-08
    0.17543661E-08
    0.75272012E-08
    0.16480747E-07
   -0.53461027E-08
   -0.14445297E-08
    0.22682404E-08
    0.65634442E-08
    0.13149045E-07
   -0.95335319E-09
    0.91905535E-09
    0.29708018E-08
    0.52838418E-08
    0.79636799E-08
    0.20402204E-08
    0.19138248E-08
    0.26931882E-08
    0.33295312E-08
    0.17688303E-08
    0.10544723E-08
    0.20264581E-10
    0.38908630E-09
    0.55803943E-10
   -0.43300692E-08
   -0.35990163E-08
   -0.38325127E-08
   -0.33234336E-08
   -0.38039610E-08
   -0.81215823E-08
   -0.81057240E-08
   -0.68515063E-08
   -0.58575415E-08
   -0.55536043E-08
   -0.66999856E-08
   -0.92198916E-08
   -0.65037331E-08
   -0.43255975E-08
   -0.22460724E-08
    0.13967462E-08
   -0.59336229E-08
   -0.14315887E-08
    0.24223670E-08
    0.66506534E-08
    0.14089365E-07
    0.23228987E-08
    0.79503722E-08
    0.12716789E-07
    0.18117822E-07
    0.26263238E-07
    0.13856907E-07
    0.18558219E-07
    0.22745062E-07
    0.27469762E-07
    0.33163178E-07
    0.23344165E-07
    0.26146350E-07
    0.28970087E-07
    0.31774746E-07
    0.33774185E-07
    0.27427304E-07
    0.28961244E-07
    0.30520090E-07
    0.31538499E-07
    0.30873539E-07
    0.27686739E-07
    0.28197969E-07
    0.28856566E-07
    0.29115547E-07
    0.27878537E-07
    0.25754244E-07
    0.25523948E-07
    0.25896717E-07
    0.26326200E-07
    0.26020382E-07
    0.22943792E-07
    0.23164990E-07
    0.23738625E-07
    0.24354929E-07
    0.24954278E-07
    0.24545663E-07
    0.25378797E-07
    0.25677552E-07
    0.25594425E-07
    0.25933649E-07
    0.35315008E-07
    0.35564395E-07
    0.35080489E-07
    0.34003178E-07
    0.33391853E-07
    0.52035607E-07
    0.52040011E-07
    0.52321155E-07
    0.52426478E-07
    0.52229644E-07
   -0.25949253E-07
   -0.28386010E-07
   -0.23516676E-07
    0.35989346E-07
    0.38069682E-07
    0.35703556E-07
    0.17290879E-07
    0.34407260E-07
    0.83242365E-08
    0.19421733E-07
    0.52808481E-07
   -0.14649488E-07
   -0.15896375E-07
   -0.73836966E-07
   -0.53523579E-07
    0.20734746E-07
   -0.16826600E-07
   -0.52987388E-07
   -0.13108958E-06
   -0.89108986E-07
    0.72443575E-08
   -0.21993595E-07
    0.52213738E-07
    0.34968957E-07
    0.25767147E-07
    0.25475566E-07
    0.26975531E-07
    0.28439347E-07
    0.29282253E-07
    0.21971460E-07
    0.70751642E-08
   -0.33426309E-08
   -0.75838997E-08
   -0.11674588E-07
   -0.98036744E-08
    0.15930105E-08
    0.80963008E-08
    0.24297987E-08
   -0.37169000E-08
   -0.77321100E-08
   -0.16256932E-07
    0.33026861E-07
   -0.10274574E-07
   -0.32631870E-08
    0.26978846E-08
    0.93390160E-08
    0.19108451E-07
    0.56852430E-07
    0.38713420E-07
    0.28688476E-07
    0.25126181E-07
    0.24603354E-07
    0.25104538E-07
    0.27247718E-07
    0.32311975E-07
    0.38885552E-07
    0.41576996E-07
    0.33962387E-07
    0.14906513E-07
   -0.77534883E-08
   -0.21675129E-07
   -0.19434265E-07
   -0.38106657E-08
    0.15127102E-07
    0.27999801E-07
    0.32575732E-07
    0.53232867E-07
    0.53246991E-07
    0.53521914E-07
    0.53603380E-07
    0.53377093E-07
    0.36363019E-07
    0.36607263E-07
    0.36125000E-07
    0.35044689E-07
    0.34426384E-07
    0.25556728E-07
    0.26352736E-07
    0.26633221E-07
    0.26549240E-07
    0.26903760E-07
    0.23916308E-07
    0.24098532E-07
    0.24639806E-07
    0.25243356E-07
    0.25858300E-07
    0.26742835E-07
    0.26462381E-07
    0.26781121E-07
    0.27161970E-07
    0.26833326E-07
    0.28816798E-07
    0.29238593E-07
    0.29804504E-07
    0.29962261E-07
    0.28630877E-07
    0.28773948E-07
    0.30195752E-07
    0.31635538E-07
    0.32514740E-07
    0.31682198E-07
    0.24913983E-07
    0.27617908E-07
    0.30331032E-07
    0.32996151E-07
    0.34791326E-07
    0.15642724E-07
    0.20259900E-07
    0.24363385E-07
    0.28978738E-07
    0.34487130E-07
    0.42541963E-08
    0.98119727E-08
    0.14522266E-07
    0.19856708E-07
    0.27882787E-07
   -0.40117437E-08
    0.45949253E-09
    0.42894712E-08
    0.84967615E-08
    0.15902304E-07
   -0.74497937E-08
   -0.47151563E-08
   -0.25174307E-08
   -0.41274020E-09
    0.32768892E-08
   -0.65695410E-08
   -0.52455782E-08
   -0.41824534E-08
   -0.38055304E-08
   -0.48460306E-08
   -0.23500423E-08
   -0.24462533E-08
   -0.18148259E-08
   -0.21714429E-08
   -0.63427006E-08
    0.19989685E-08
    0.11707656E-08
    0.17177143E-08
    0.15566380E-08
   -0.26504188E-08
    0.27196448E-08
    0.28417361E-08
    0.38448906E-08
    0.46885408E-08
    0.33323660E-08
   -0.47469635E-09
    0.16696419E-08
    0.39710986E-08
    0.65110274E-08
    0.94064506E-08
   -0.50143383E-08
   -0.81803628E-09
    0.31611767E-08
    0.76953165E-08
    0.14493108E-07
   -0.85291232E-08
   -0.26155622E-08
    0.25870862E-08
    0.86102761E-08
    0.17771009E-07
   -0.25897184E-07
   -0.28250411E-07
   -0.23407945E-07
    0.36826899E-07
    0.38460252E-07
    0.35837449E-07
   -0.15891639E-07
   -0.51111750E-07
   -0.12847862E-06
   -0.87307835E-07
    0.84177226E-08
   -0.13840224E-07
   -0.14507461E-07
   -0.72015792E-07
   -0.52872123E-07
    0.20853806E-07
    0.17147978E-07
    0.34284823E-07
    0.83161176E-08
    0.18633271E-07
    0.51928345E-07
    0.61883459E-07
    0.43895999E-07
    0.32513050E-07
    0.28151781E-07
    0.25402520E-07
    0.24039702E-07
    0.23163813E-07
    0.16527320E-07
    0.49676256E-08
   -0.25029652E-08
   -0.56610673E-08
   -0.93715792E-08
   -0.82254513E-08
    0.63788037E-09
    0.52139133E-08
    0.11774970E-09
   -0.46142686E-08
   -0.72470578E-08
   -0.13915707E-07
    0.62188740E-07
    0.43802122E-07
    0.32546108E-07
    0.28163934E-07
    0.25409993E-07
    0.24049012E-07
    0.23179962E-07
    0.16525406E-07
    0.49476436E-08
   -0.25163093E-08
   -0.56663762E-08
   -0.93826997E-08
   -0.82311759E-08
    0.65365563E-09
    0.52352417E-08
    0.12630403E-09
   -0.46056857E-08
   -0.72311099E-08
   -0.13910954E-07
   -0.32632552E-06
   -0.50340431E-06
   -0.25555875E-06
    0.45182240E-07
   -0.33564444E-07
    0.23464743E-07
    0.39709803E-06
    0.43685633E-06
    0.30805199E-06
   -0.29944161E-07
   -0.11652262E-06
   -0.55143677E-07
   -0.33229563E-06
   -0.47226475E-06
   -0.29437322E-06
   -0.32385206E-07
   -0.13061931E-07
   -0.18423440E-07
   -0.54732497E-07
   -0.13908410E-07
   -0.26853093E-07
   -0.42118426E-06
   -0.51331239E-06
   -0.34321062E-06
   -0.24155997E-06
   -0.29552462E-06
   -0.20196239E-06
    0.16428019E-06
    0.22376258E-06
    0.13417716E-06
    0.59996913E-07
    0.51508166E-07
    0.34067928E-07
   -0.10040834E-06
   -0.18318193E-06
   -0.10986261E-06
    0.10860372E-06
    0.10808117E-06
    0.74277967E-07
    0.17249358E-06
    0.21274692E-06
    0.13791734E-06
   -0.55981312E-07
   -0.78923230E-07
   -0.50656928E-07
   -0.10452957E-06
   -0.12759309E-06
   -0.85890961E-07
    0.58998921E-08
    0.29048516E-07
    0.10704989E-07
   -0.13849475E-07
   -0.28177285E-08
   -0.93611026E-08
   -0.42902812E-07
   -0.49766607E-07
   -0.37771738E-07
   -0.42598831E-07
   -0.49292990E-07
   -0.37473079E-07
   -0.14835879E-07
   -0.42114843E-08
   -0.10220886E-07
    0.44646151E-08
    0.26817617E-07
    0.93315867E-08
   -0.10296717E-06
   -0.12572062E-06
   -0.84818736E-07
   -0.56078360E-07
   -0.79170435E-07
   -0.50975855E-07
    0.16800338E-06
    0.20619536E-06
    0.13366331E-06
    0.10796247E-06
    0.10676450E-06
    0.73165532E-07
   -0.96834361E-07
   -0.17855863E-06
   -0.10743447E-06
    0.57877470E-07
    0.47694584E-07
    0.31230500E-07
    0.16020458E-06
    0.21702355E-06
    0.12958281E-06
   -0.23787353E-06
   -0.29118595E-06
   -0.19971665E-06
   -0.41963331E-06
   -0.51207251E-06
   -0.34284735E-06
   -0.63333077E-07
   -0.26647595E-07
   -0.34903413E-07
   -0.35631731E-07
   -0.18208107E-07
   -0.21701357E-07
   -0.32757792E-06
   -0.46653043E-06
   -0.29098307E-06
   -0.35104183E-07
   -0.12422665E-06
   -0.59801091E-07
    0.38819385E-06
    0.42398646E-06
    0.30012114E-06
    0.48317018E-07
   -0.30655750E-07
    0.25625838E-07
   -0.31969813E-06
   -0.49861508E-06
   -0.25630874E-06
    0.62169049E-07
    0.45036038E-07
    0.34445115E-07
    0.29688527E-07
    0.28044015E-07
    0.27441540E-07
    0.28079511E-07
    0.31135504E-07
    0.35629943E-07
    0.36894749E-07
    0.29400084E-07
    0.12379371E-07
   -0.73023608E-08
   -0.19011657E-07
   -0.16326989E-07
   -0.19897241E-08
    0.14728497E-07
    0.25786672E-07
    0.29871081E-07
    0.62147515E-07
    0.45008021E-07
    0.34414854E-07
    0.29653598E-07
    0.28007254E-07
    0.27413365E-07
    0.28071558E-07
    0.31153882E-07
    0.35669971E-07
    0.36942307E-07
    0.29440268E-07
    0.12404728E-07
   -0.72908460E-08
   -0.19009911E-07
   -0.16333224E-07
   -0.20045160E-08
    0.14706599E-07
    0.25764427E-07
    0.29857098E-07
   -0.71458179E-06
   -0.93752133E-06
   -0.60999744E-06
   -0.89155935E-06
   -0.11205409E-05
   -0.75762512E-06
   -0.50479557E-06
   -0.58238296E-06
   -0.41073455E-06
   -0.10423571E-06
   -0.65628251E-07
   -0.58824625E-07
    0.51975594E-07
    0.74627188E-07
    0.53903129E-07
    0.70017775E-07
    0.10476140E-07
    0.29525603E-07
    0.15608367E-06
    0.81709674E-07
    0.88620773E-07
    0.35516431E-06
    0.36859563E-06
    0.28148684E-06
    0.49038886E-06
    0.59667102E-06
    0.42406500E-06
    0.34020163E-06
    0.44293561E-06
    0.30764371E-06
   -0.69198146E-07
   -0.61789880E-07
   -0.39174714E-07
   -0.42160780E-06
   -0.51210145E-06
   -0.34627016E-06
   -0.44795279E-06
   -0.55481978E-06
   -0.37963034E-06
   -0.19762940E-06
   -0.23584718E-06
   -0.16626460E-06
    0.81584503E-07
    0.12007513E-06
    0.77879456E-07
    0.20480257E-06
    0.26096615E-06
    0.17988442E-06
    0.16510474E-06
    0.19194739E-06
    0.13944788E-06
    0.78921892E-07
    0.80428578E-07
    0.67135996E-07
    0.39495928E-07
    0.38866611E-07
    0.37910481E-07
    0.40163184E-07
    0.39009755E-07
    0.37873649E-07
    0.79662812E-07
    0.80621677E-07
    0.67104406E-07
    0.16658239E-06
    0.19303339E-06
    0.13991397E-06
    0.20673000E-06
    0.26243531E-06
    0.18051514E-06
    0.83123877E-07
    0.12055307E-06
    0.77855135E-07
   -0.19633991E-06
   -0.23629610E-06
   -0.16687810E-06
   -0.44486822E-06
   -0.55343274E-06
   -0.37918769E-06
   -0.41430352E-06
   -0.50548994E-06
   -0.34277937E-06
   -0.57926299E-07
   -0.49951483E-07
   -0.32625717E-07
    0.35124305E-06
    0.45484474E-06
    0.31424402E-06
    0.49524221E-06
    0.60130343E-06
    0.42646555E-06
    0.35114063E-06
    0.36262940E-06
    0.27779809E-06
    0.14670683E-06
    0.69401362E-07
    0.81326828E-07
    0.61765533E-07
    0.18140512E-09
    0.23520929E-07
    0.49062981E-07
    0.71829359E-07
    0.52405319E-07
   -0.10283168E-06
   -0.62870545E-07
   -0.57019525E-07
   -0.50472382E-06
   -0.58186671E-06
   -0.41028021E-06
   -0.89662823E-06
   -0.11272264E-05
   -0.76151385E-06
   -0.71996901E-06
   -0.94502424E-06
   -0.61445983E-06
   -0.77400353E-08
   -0.46860885E-08
   -0.11802069E-08
    0.15574434E-08
    0.15581197E-08
   -0.17942549E-08
   -0.54268808E-08
   -0.60521274E-08
   -0.31025264E-08
    0.32565130E-08
    0.12069413E-07
    0.19846908E-07
    0.23961110E-07
    0.25632679E-07
    0.26569301E-07
    0.27686565E-07
    0.32492724E-07
    0.44658848E-07
    0.65541838E-07
   -0.25534616E-08
   -0.90875561E-09
    0.13432265E-08
    0.26022180E-08
    0.14731441E-08
   -0.15646105E-08
   -0.41294986E-08
   -0.38612921E-08
    0.30655965E-09
    0.79104642E-08
    0.16576224E-07
    0.23096313E-07
    0.26238122E-07
    0.27209392E-07
    0.27409447E-07
    0.28344651E-07
    0.33192608E-07
    0.45304849E-07
    0.64992981E-07
    0.22494653E-08
    0.29345983E-08
    0.38972746E-08
    0.40314918E-08
    0.22651264E-08
   -0.92826856E-09
   -0.32550504E-08
   -0.21218201E-08
    0.35031536E-08
    0.12211033E-07
    0.20794217E-07
    0.26415019E-07
    0.28596605E-07
    0.28777865E-07
    0.28480744E-07
    0.29195504E-07
    0.33590727E-07
    0.44814434E-07
    0.63202666E-07
    0.79930019E-08
    0.73798767E-08
    0.65631543E-08
    0.50601167E-08
    0.21998792E-08
   -0.13658612E-08
   -0.31396469E-08
   -0.41791339E-09
    0.72631633E-08
    0.17251797E-07
    0.25534449E-07
    0.29722908E-07
    0.30442725E-07
    0.29850861E-07
    0.29424356E-07
    0.29975663E-07
    0.33492521E-07
    0.43340100E-07
    0.61188311E-07
    0.16472256E-07
    0.13780795E-07
    0.95122107E-08
    0.40760550E-08
   -0.15743754E-08
   -0.52833071E-08
   -0.42937813E-08
    0.27066275E-08
    0.13836976E-07
    0.24618521E-07
    0.30994295E-07
    0.32214004E-07
    0.30776583E-07
    0.29602257E-07
    0.29636268E-07
    0.30549534E-07
    0.33502402E-07
    0.42215791E-07
    0.59621077E-07
   -0.77333761E-08
   -0.46878251E-08
   -0.11913275E-08
    0.15406562E-08
    0.15377070E-08
   -0.18142085E-08
   -0.54371021E-08
   -0.60498813E-08
   -0.30939027E-08
    0.32693262E-08
    0.12085173E-07
    0.19854994E-07
    0.23955596E-07
    0.25622921E-07
    0.26561342E-07
    0.27674196E-07
    0.32491811E-07
    0.44648753E-07
    0.65662334E-07
   -0.25373637E-08
   -0.90239895E-09
    0.13362606E-08
    0.25843446E-08
    0.14495058E-08
   -0.15897280E-08
   -0.41504721E-08
   -0.38721487E-08
    0.30690638E-09
    0.79180741E-08
    0.16586120E-07
    0.23103887E-07
    0.26239835E-07
    0.27205500E-07
    0.27403930E-07
    0.28342704E-07
    0.33195071E-07
    0.45328326E-07
    0.64998629E-07
    0.22727938E-08
    0.29473545E-08
    0.38964029E-08
    0.40178117E-08
    0.22420681E-08
   -0.95650399E-09
   -0.32835061E-08
   -0.21445829E-08
    0.34901191E-08
    0.12207347E-07
    0.20796969E-07
    0.26421397E-07
    0.28603714E-07
    0.28783500E-07
    0.28486279E-07
    0.29204392E-07
    0.33606296E-07
    0.44830740E-07
    0.63208011E-07
    0.80192801E-08
    0.73975459E-08
    0.65696805E-08
    0.50544633E-08
    0.21829364E-08
   -0.13912539E-08
   -0.31699121E-08
   -0.44902994E-09
    0.72358526E-08
    0.17232637E-07
    0.25526164E-07
    0.29725953E-07
    0.30454958E-07
    0.29868329E-07
    0.29443900E-07
    0.29997053E-07
    0.33514964E-07
    0.43357826E-07
    0.61204292E-07
    0.16495808E-07
    0.13801292E-07
    0.95261859E-08
    0.40801837E-08
   -0.15808881E-08
   -0.52997698E-08
   -0.43196060E-08
    0.26724126E-08
    0.13798214E-07
    0.24583164E-07
    0.30971881E-07
    0.32210693E-07
    0.30791815E-07
    0.29629640E-07
    0.29667754E-07
    0.30579814E-07
    0.33529770E-07
    0.42241487E-07
    0.59641031E-07
