    0.42388491E-07
   -0.40792071E-07
    0.31368931E-07
    0.23806589E-07
    0.17174448E-07
    0.83123946E-08
   -0.74599610E-08
    0.42438305E-07
   -0.40792222E-07
    0.31245539E-07
    0.23805760E-07
    0.17150575E-07
    0.82904482E-08
   -0.74758626E-08
    0.36066334E-07
   -0.42401162E-07
    0.33275288E-07
    0.27229185E-07
    0.20673328E-07
    0.11819542E-07
   -0.51997564E-08
   -0.77258581E-07
   -0.92556513E-07
   -0.71682932E-07
    0.25164810E-07
    0.21809860E-07
    0.28456294E-07
   -0.27236749E-06
   -0.43480589E-06
   -0.25502101E-06
   -0.17964349E-06
   -0.34991771E-06
   -0.22530215E-06
    0.20588728E-06
    0.18215829E-06
    0.63545417E-07
    0.37114022E-06
    0.48490177E-06
    0.22091082E-06
    0.20962517E-06
    0.31559704E-06
    0.12095562E-06
   -0.41814323E-07
   -0.77114607E-07
   -0.92707228E-07
   -0.71847548E-07
    0.36889129E-07
    0.33848928E-07
    0.27794851E-07
    0.21296952E-07
    0.12503336E-07
   -0.44973789E-08
    0.25612238E-07
    0.21955117E-07
    0.28404251E-07
   -0.25517882E-06
   -0.43544451E-06
   -0.27263367E-06
   -0.22337360E-06
   -0.34698802E-06
   -0.17755018E-06
    0.66770634E-07
    0.18710790E-06
    0.20913563E-06
    0.22202878E-06
    0.48626417E-06
    0.37168764E-06
    0.12032908E-06
    0.31428468E-06
    0.20848758E-06
   -0.15279484E-07
   -0.15282248E-07
   -0.17843521E-07
   -0.14819445E-07
   -0.14146020E-07
   -0.14283755E-07
   -0.15293100E-07
   -0.16903874E-07
   -0.17843247E-07
   -0.14819680E-07
   -0.14144878E-07
   -0.14281918E-07
   -0.15290541E-07
   -0.16902734E-07
   -0.16684083E-07
    0.39463915E-07
    0.39694198E-07
    0.27446142E-07
    0.17328651E-07
    0.20592230E-07
    0.26002594E-07
    0.28439509E-07
    0.35132115E-07
    0.39653499E-07
    0.30748026E-07
    0.15974554E-07
    0.63991265E-08
    0.12588669E-10
   -0.33615939E-08
    0.15944375E-08
    0.10144797E-07
    0.12488694E-07
    0.76819582E-08
   -0.18120109E-08
   -0.20539092E-07
   -0.32777473E-07
   -0.95532922E-08
    0.13611909E-07
    0.27092665E-07
    0.31679214E-07
    0.31876552E-07
    0.29220887E-07
    0.21612871E-07
    0.77130756E-08
   -0.85508936E-08
   -0.19055159E-07
   -0.17973069E-07
   -0.68041221E-08
    0.71599147E-08
    0.16217239E-07
    0.16754127E-07
    0.10241787E-07
    0.70348534E-09
   -0.89734715E-08
   -0.15954605E-07
   -0.15193003E-07
   -0.15401270E-07
   -0.16742927E-07
   -0.19079789E-07
   -0.20097711E-08
   -0.29379151E-08
   -0.37930737E-08
   -0.48869617E-08
   -0.66183323E-08
    0.75781264E-08
    0.72193050E-08
    0.68852281E-08
    0.64203512E-08
    0.48926210E-08
    0.12015721E-07
    0.12310230E-07
    0.12773984E-07
    0.13513392E-07
    0.13808532E-07
    0.10978589E-07
    0.11293162E-07
    0.11963843E-07
    0.13484124E-07
    0.15892548E-07
    0.45793238E-08
    0.50178826E-08
    0.52846610E-08
    0.63276416E-08
    0.93717479E-08
   -0.22745239E-08
   -0.21581777E-08
   -0.28261358E-08
   -0.34428088E-08
   -0.20392492E-08
   -0.30549613E-08
   -0.45960769E-08
   -0.66679980E-08
   -0.92695167E-08
   -0.11078505E-07
    0.29519819E-08
   -0.32221471E-09
   -0.35332421E-08
   -0.73272360E-08
   -0.12170176E-07
    0.12358014E-07
    0.83750203E-08
    0.49076594E-08
    0.10471006E-08
   -0.51828595E-08
    0.22598109E-07
    0.18086593E-07
    0.14717761E-07
    0.11260221E-07
    0.55138718E-08
    0.30638201E-07
    0.25835475E-07
    0.22403122E-07
    0.19293377E-07
    0.15165137E-07
    0.32936203E-07
    0.29325174E-07
    0.26254011E-07
    0.23753982E-07
    0.21692513E-07
    0.29884843E-07
    0.28407516E-07
    0.26526129E-07
    0.25188477E-07
    0.25331087E-07
    0.25434094E-07
    0.25277127E-07
    0.24495818E-07
    0.24299447E-07
    0.26391792E-07
    0.22315602E-07
    0.22263222E-07
    0.21394476E-07
    0.21281123E-07
    0.24162400E-07
    0.21669106E-07
    0.20571074E-07
    0.18398620E-07
    0.16751941E-07
    0.18050698E-07
    0.24357423E-07
    0.21000822E-07
    0.17035739E-07
    0.12637085E-07
    0.93479480E-08
    0.29093080E-07
    0.23650141E-07
    0.18212760E-07
    0.11059150E-07
    0.12570729E-08
    0.32753945E-07
    0.26673365E-07
    0.20356735E-07
    0.11900781E-07
   -0.30603316E-08
   -0.15384848E-07
   -0.15116317E-07
   -0.15301734E-07
   -0.16662438E-07
   -0.15752133E-07
   -0.15967650E-07
   -0.14996714E-07
   -0.14842845E-07
   -0.15033896E-07
   -0.15376517E-07
   -0.15752973E-07
   -0.14629700E-07
   -0.15102352E-07
   -0.15459272E-07
   -0.15605169E-07
   -0.15422812E-07
   -0.15025855E-07
   -0.15241747E-07
   -0.15789694E-07
   -0.16383192E-07
   -0.16442127E-07
   -0.16596877E-07
    0.40035401E-07
    0.39946017E-07
    0.27743647E-07
    0.17792706E-07
    0.21021820E-07
    0.26442468E-07
    0.29189279E-07
    0.36215487E-07
    0.40987355E-07
    0.32459117E-07
    0.18085381E-07
    0.86731242E-08
    0.22930097E-08
   -0.11047379E-08
    0.36680607E-08
    0.11855673E-07
    0.13830587E-07
    0.86572110E-08
   -0.12691576E-08
   -0.20285368E-07
   -0.15868013E-07
   -0.15094349E-07
   -0.15274389E-07
   -0.16576497E-07
   -0.18861884E-07
   -0.32115664E-07
   -0.87209688E-08
    0.14586688E-07
    0.28150404E-07
    0.32880190E-07
    0.33397216E-07
    0.31219003E-07
    0.24085746E-07
    0.10465748E-07
   -0.57978161E-08
   -0.16514378E-07
   -0.15716858E-07
   -0.47979465E-08
    0.89668612E-08
    0.17827846E-07
    0.18121300E-07
    0.11310956E-07
    0.14558871E-08
   -0.85137263E-08
    0.33282635E-07
    0.27223594E-07
    0.20969775E-07
    0.12584621E-07
   -0.23387729E-08
    0.29578478E-07
    0.24228740E-07
    0.18866794E-07
    0.11783306E-07
    0.20323784E-08
    0.24840070E-07
    0.21611445E-07
    0.17752014E-07
    0.13444212E-07
    0.10228481E-07
    0.22187206E-07
    0.21232023E-07
    0.19200260E-07
    0.17676862E-07
    0.19073150E-07
    0.22900418E-07
    0.23016927E-07
    0.22309759E-07
    0.22346911E-07
    0.25351706E-07
    0.26154744E-07
    0.26176570E-07
    0.25561068E-07
    0.25530293E-07
    0.27786615E-07
    0.30815278E-07
    0.29509424E-07
    0.27793183E-07
    0.26631005E-07
    0.26992791E-07
    0.34139716E-07
    0.30695876E-07
    0.27789251E-07
    0.25472958E-07
    0.23673618E-07
    0.32179582E-07
    0.27534069E-07
    0.24255222E-07
    0.21325758E-07
    0.17456080E-07
    0.24493437E-07
    0.20107260E-07
    0.16866991E-07
    0.13561754E-07
    0.80111398E-08
    0.14521822E-07
    0.10625278E-07
    0.72499927E-08
    0.34868802E-08
   -0.26510163E-08
    0.52528889E-08
    0.20261594E-08
   -0.11449786E-08
   -0.49129720E-08
   -0.97700732E-08
   -0.73011848E-09
   -0.22780598E-08
   -0.43702247E-08
   -0.70117681E-08
   -0.89054199E-08
   -0.55769430E-10
    0.57522134E-11
   -0.72126805E-09
   -0.14129652E-08
   -0.11256066E-09
    0.65479553E-08
    0.69253678E-08
    0.71286023E-08
    0.80978638E-08
    0.11058203E-07
    0.12627228E-07
    0.12890299E-07
    0.13505502E-07
    0.14967601E-07
    0.17318548E-07
    0.13330364E-07
    0.13571740E-07
    0.13984433E-07
    0.14675281E-07
    0.14926029E-07
    0.85138216E-08
    0.81153489E-08
    0.77427969E-08
    0.72382750E-08
    0.56715094E-08
   -0.14938827E-08
   -0.24295885E-08
   -0.32956142E-08
   -0.44027516E-08
   -0.61527569E-08
   -0.15312724E-07
   -0.15065105E-07
   -0.15275475E-07
   -0.16552133E-07
   -0.15712045E-07
   -0.15958446E-07
   -0.14957096E-07
   -0.15163879E-07
   -0.15698472E-07
   -0.16280339E-07
   -0.16337330E-07
   -0.14586864E-07
   -0.15053270E-07
   -0.15406532E-07
   -0.15557040E-07
   -0.15387694E-07
   -0.14976214E-07
   -0.14820073E-07
   -0.15010909E-07
   -0.15359665E-07
   -0.15745658E-07
    0.41160079E-07
    0.39626414E-07
    0.29561399E-07
    0.21187022E-07
    0.22925032E-07
    0.25852134E-07
    0.26023226E-07
    0.29938200E-07
    0.33404624E-07
    0.26916955E-07
    0.15508646E-07
    0.82623703E-08
    0.37403537E-08
    0.87413669E-09
    0.36570353E-08
    0.92728034E-08
    0.10200594E-07
    0.51442792E-08
   -0.33869646E-08
    0.41179264E-07
    0.39615786E-07
    0.29575159E-07
    0.21185256E-07
    0.22931617E-07
    0.25873270E-07
    0.26037051E-07
    0.29934817E-07
    0.33402618E-07
    0.26917801E-07
    0.15496176E-07
    0.82470268E-08
    0.37468782E-08
    0.89613635E-09
    0.36765030E-08
    0.93006417E-08
    0.10245161E-07
    0.51785383E-08
   -0.33783313E-08
    0.52826322E-08
   -0.94693988E-08
    0.12311609E-07
    0.45259954E-07
    0.35370790E-07
    0.40444296E-07
    0.11617880E-06
    0.12530788E-06
    0.95048140E-07
   -0.46272736E-08
   -0.35796911E-07
   -0.11049360E-07
   -0.12496832E-06
   -0.18244292E-06
   -0.10870073E-06
    0.71843472E-09
    0.12387179E-07
    0.76294437E-08
   -0.25091197E-07
   -0.22484948E-08
   -0.73087361E-08
   -0.28829496E-06
   -0.35670385E-06
   -0.23222840E-06
   -0.16559555E-06
   -0.20829002E-06
   -0.13528101E-06
    0.20140413E-06
    0.26212465E-06
    0.16814995E-06
    0.89334465E-07
    0.75781836E-07
    0.57944772E-07
   -0.11297338E-06
   -0.22659166E-06
   -0.12778995E-06
    0.20538953E-06
    0.20886461E-06
    0.14726483E-06
    0.33253580E-06
    0.40894169E-06
    0.26683351E-06
   -0.15833704E-06
   -0.21971139E-06
   -0.14102062E-06
   -0.30499583E-06
   -0.37151970E-06
   -0.24760014E-06
    0.65185923E-07
    0.16681001E-06
    0.83642459E-07
   -0.57449292E-07
   -0.17716182E-11
   -0.26365837E-07
   -0.35100639E-06
   -0.43773920E-06
   -0.30088837E-06
   -0.34489550E-06
   -0.42958776E-06
   -0.29568861E-06
   -0.61833411E-07
   -0.67605137E-08
   -0.30390778E-07
    0.59111126E-07
    0.15711965E-06
    0.77573263E-07
   -0.30017925E-06
   -0.36593549E-06
   -0.24448553E-06
   -0.15781842E-06
   -0.21944579E-06
   -0.14118906E-06
    0.32386628E-06
    0.39621431E-06
    0.25857434E-06
    0.20384940E-06
    0.20609244E-06
    0.14499508E-06
   -0.10814244E-06
   -0.22027048E-06
   -0.12445982E-06
    0.86967993E-07
    0.71569101E-07
    0.54835174E-07
    0.19700314E-06
    0.25507770E-06
    0.16335135E-06
   -0.16274034E-06
   -0.20485904E-06
   -0.13354307E-06
   -0.28702222E-06
   -0.35551864E-06
   -0.23173709E-06
   -0.30359988E-07
   -0.99808019E-08
   -0.12176421E-07
   -0.12344935E-08
    0.94098101E-08
    0.57069992E-08
   -0.12300710E-06
   -0.18005120E-06
   -0.10728526E-06
   -0.60668070E-08
   -0.38015312E-07
   -0.12355191E-07
    0.11397408E-06
    0.12208835E-06
    0.93017475E-07
    0.45615888E-07
    0.35521034E-07
    0.40611601E-07
    0.59920394E-08
   -0.91447341E-08
    0.11948864E-07
   -0.30466650E-07
   -0.10073078E-07
    0.10156213E-07
    0.21782856E-07
    0.25895161E-07
    0.26848965E-07
    0.25831090E-07
    0.20260407E-07
    0.84794938E-08
   -0.60520882E-08
   -0.15954892E-07
   -0.15639150E-07
   -0.59062527E-08
    0.68311875E-08
    0.15453445E-07
    0.16532018E-07
    0.11124763E-07
    0.24648298E-08
   -0.69732821E-08
   -0.30474680E-07
   -0.10093925E-07
    0.10131010E-07
    0.21759394E-07
    0.25872127E-07
    0.26823458E-07
    0.25804455E-07
    0.20241173E-07
    0.84792417E-08
   -0.60281097E-08
   -0.15913340E-07
   -0.15594707E-07
   -0.58725964E-08
    0.68478211E-08
    0.15454226E-07
    0.16521186E-07
    0.11106131E-07
    0.24424152E-08
   -0.69905788E-08
   -0.11742585E-06
   -0.14545947E-06
   -0.10489083E-06
   -0.15658453E-06
   -0.19304127E-06
   -0.13694237E-06
   -0.10088701E-06
   -0.11366247E-06
   -0.82322553E-07
   -0.29839415E-08
    0.14627779E-07
    0.76570565E-08
    0.48628467E-07
    0.59796730E-07
    0.45728018E-07
    0.59114673E-07
    0.29989360E-07
    0.35255133E-07
    0.11678008E-06
    0.74881164E-07
    0.72932045E-07
    0.26595229E-06
    0.28024000E-06
    0.21113083E-06
    0.39262800E-06
    0.48277936E-06
    0.33695391E-06
    0.27023110E-06
    0.36292465E-06
    0.24182051E-06
   -0.17065541E-06
   -0.17759181E-06
   -0.12977029E-06
   -0.63620506E-06
   -0.77048973E-06
   -0.52948005E-06
   -0.70789743E-06
   -0.87575200E-06
   -0.59920863E-06
   -0.28827670E-06
   -0.34105416E-06
   -0.23461175E-06
    0.31523661E-06
    0.43245220E-06
    0.29667091E-06
    0.68323174E-06
    0.86436225E-06
    0.59972093E-06
    0.60853287E-06
    0.70317626E-06
    0.50215993E-06
    0.25612969E-06
    0.22922907E-06
    0.19045963E-06
   -0.20726175E-08
   -0.54981438E-07
   -0.79352153E-08
   -0.55305359E-08
   -0.59961352E-07
   -0.11416484E-07
    0.25361032E-06
    0.22533690E-06
    0.18755830E-06
    0.60983515E-06
    0.70412140E-06
    0.50216726E-06
    0.68606028E-06
    0.86678026E-06
    0.60059776E-06
    0.31682802E-06
    0.43223056E-06
    0.29594689E-06
   -0.28751759E-06
   -0.34329531E-06
   -0.23656191E-06
   -0.70438516E-06
   -0.87493521E-06
   -0.59937816E-06
   -0.62703317E-06
   -0.76241551E-06
   -0.52535997E-06
   -0.15724320E-06
   -0.16372272E-06
   -0.12214993E-06
    0.28264640E-06
    0.37603206E-06
    0.24913288E-06
    0.39882570E-06
    0.48863118E-06
    0.34016048E-06
    0.26500609E-06
    0.27767166E-06
    0.20951305E-06
    0.11239823E-06
    0.68392470E-07
    0.69049310E-07
    0.55624736E-07
    0.25083003E-07
    0.32312842E-07
    0.47836147E-07
    0.58708407E-07
    0.45065416E-07
   -0.20287489E-08
    0.15793970E-07
    0.83602898E-08
   -0.10019936E-06
   -0.11299285E-06
   -0.81896814E-07
   -0.15680745E-06
   -0.19364930E-06
   -0.13730461E-06
   -0.11758383E-06
   -0.14601227E-06
   -0.10527144E-06
   -0.29535195E-08
    0.54808670E-08
    0.10045519E-07
    0.10061188E-07
    0.56588765E-08
    0.86929195E-09
    0.59514551E-09
    0.52421696E-08
    0.12564562E-07
    0.20700489E-07
    0.26797805E-07
    0.28240014E-07
    0.26234337E-07
    0.23753482E-07
    0.21979385E-07
    0.21825461E-07
    0.24502250E-07
    0.28512970E-07
    0.29585928E-07
   -0.33175093E-08
    0.57056743E-08
    0.10632142E-07
    0.10515088E-07
    0.58577684E-08
    0.27988158E-09
   -0.15027776E-08
    0.21058241E-08
    0.92101021E-08
    0.17014360E-07
    0.22991822E-07
    0.25417881E-07
    0.24574010E-07
    0.22333052E-07
    0.20237929E-07
    0.19063719E-07
    0.19424118E-07
    0.20870369E-07
    0.22385154E-07
   -0.36469177E-08
    0.59644276E-08
    0.11520539E-07
    0.11345914E-07
    0.59774849E-08
   -0.79218978E-09
   -0.39704056E-08
   -0.11872550E-08
    0.60132430E-08
    0.14148599E-07
    0.20221455E-07
    0.22938822E-07
    0.22760669E-07
    0.20920585E-07
    0.18368080E-07
    0.15853539E-07
    0.14367493E-07
    0.14596187E-07
    0.16016349E-07
   -0.41738012E-08
    0.60968670E-08
    0.12688990E-07
    0.12978373E-07
    0.68511939E-08
   -0.17054435E-08
   -0.68151705E-08
   -0.50652770E-08
    0.22928597E-08
    0.11096960E-07
    0.17711303E-07
    0.20969115E-07
    0.21584096E-07
    0.20402624E-07
    0.17615563E-07
    0.13582852E-07
    0.97196494E-08
    0.77483332E-08
    0.80230441E-08
   -0.52866839E-08
    0.53316405E-08
    0.13427540E-07
    0.15321157E-07
    0.94761572E-08
   -0.76905377E-09
   -0.88755667E-08
   -0.98196286E-08
   -0.35031701E-08
    0.60496563E-08
    0.14405141E-07
    0.19581510E-07
    0.21904353E-07
    0.22017141E-07
    0.19632531E-07
    0.14236823E-07
    0.66205432E-08
   -0.74400000E-09
   -0.54067868E-08
   -0.29671705E-08
    0.54499803E-08
    0.10009060E-07
    0.10033398E-07
    0.56380924E-08
    0.85539285E-09
    0.59568199E-09
    0.52528006E-08
    0.12571907E-07
    0.20701499E-07
    0.26794540E-07
    0.28228813E-07
    0.26216560E-07
    0.23738838E-07
    0.21971877E-07
    0.21822365E-07
    0.24507532E-07
    0.28513996E-07
    0.29642838E-07
   -0.33303496E-08
    0.56835602E-08
    0.10606719E-07
    0.10491335E-07
    0.58399430E-08
    0.27066537E-09
   -0.15043657E-08
    0.21073358E-08
    0.92098460E-08
    0.17008788E-07
    0.22978801E-07
    0.25399321E-07
    0.24556340E-07
    0.22321492E-07
    0.20233742E-07
    0.19067861E-07
    0.19434830E-07
    0.20903628E-07
    0.22414840E-07
   -0.36524358E-08
    0.59543358E-08
    0.11508278E-07
    0.11332778E-07
    0.59660810E-08
   -0.80050508E-09
   -0.39776308E-08
   -0.11961223E-08
    0.60011075E-08
    0.14131983E-07
    0.20200888E-07
    0.22918542E-07
    0.22746188E-07
    0.20914929E-07
    0.18371770E-07
    0.15865931E-07
    0.14391965E-07
    0.14625381E-07
    0.16038958E-07
   -0.41697310E-08
    0.61012784E-08
    0.12691542E-07
    0.12977698E-07
    0.68469881E-08
   -0.17141905E-08
   -0.68300832E-08
   -0.50866855E-08
    0.22669479E-08
    0.11070401E-07
    0.17688820E-07
    0.20954606E-07
    0.21579155E-07
    0.20407030E-07
    0.17628691E-07
    0.13604802E-07
    0.97469479E-08
    0.77733174E-08
    0.80457531E-08
   -0.52731054E-08
    0.53493713E-08
    0.13442418E-07
    0.15330023E-07
    0.94768899E-08
   -0.77929499E-09
   -0.88986819E-08
   -0.98536283E-08
   -0.35409187E-08
    0.60181175E-08
    0.14387596E-07
    0.19579631E-07
    0.21914386E-07
    0.22034238E-07
    0.19654469E-07
    0.14262773E-07
    0.66470944E-08
   -0.72054952E-09
   -0.53881864E-08
