   -0.17373885E-08
    0.75976729E-09
    0.12809845E-08
    0.36707134E-09
    0.64174373E-09
    0.82281656E-09
    0.96809533E-09
   -0.11751804E-08
    0.12045621E-08
    0.16828965E-08
    0.50660890E-09
    0.69479633E-09
    0.76134877E-09
    0.84071008E-09
   -0.11007607E-07
   -0.20078829E-07
   -0.85846306E-09
    0.21871961E-08
    0.30178978E-08
    0.38185392E-08
    0.42400103E-09
   -0.13856984E-07
   -0.21089608E-09
    0.89322858E-08
   -0.87347768E-08
   -0.35310100E-08
    0.39753442E-10
   -0.58210258E-09
    0.14078072E-09
    0.19890141E-08
    0.26007016E-08
    0.27868434E-08
    0.22285357E-08
    0.36319221E-08
    0.30667848E-08
    0.17715310E-08
    0.36653405E-08
    0.18543640E-08
    0.65731267E-09
    0.49008211E-09
   -0.67015297E-09
   -0.15210350E-08
    0.22303029E-07
    0.16043914E-07
    0.22982441E-08
   -0.69389185E-08
    0.10501115E-07
    0.93711955E-09
   -0.15313571E-08
   -0.18895390E-08
   -0.23290275E-08
    0.13941904E-08
    0.82082649E-08
    0.28902799E-08
   -0.12293248E-08
   -0.13543370E-08
    0.28965148E-10
    0.67908066E-09
   -0.94707704E-09
   -0.18895863E-08
   -0.18816696E-08
   -0.52103809E-09
   -0.17911634E-08
   -0.24520259E-08
    0.91724992E-09
   -0.32146179E-09
   -0.21499089E-08
    0.33363651E-08
    0.24909976E-08
    0.13244648E-08
   -0.72488643E-10
   -0.19283935E-09
   -0.81164145E-10
   -0.16043478E-09
   -0.14933961E-09
   -0.11862250E-09
   -0.81423437E-10
   -0.58260156E-10
   -0.57072790E-10
   -0.13847457E-09
   -0.13595484E-09
   -0.13164725E-09
   -0.11489605E-09
   -0.84607054E-10
   -0.47674841E-08
    0.70350830E-08
    0.62047066E-09
   -0.72720998E-08
   -0.34095482E-09
    0.14566078E-08
   -0.11259376E-07
   -0.13498189E-07
   -0.25726703E-08
   -0.31985289E-08
   -0.95250442E-08
   -0.20785235E-09
    0.94739631E-08
    0.13732203E-08
   -0.44344566E-08
    0.33181970E-08
    0.19492311E-08
   -0.99068367E-08
   -0.68025328E-08
    0.27215543E-08
    0.51922565E-08
    0.96399383E-08
    0.11936349E-07
    0.23298691E-08
   -0.43855894E-08
   -0.38130473E-08
   -0.39348007E-10
    0.98926458E-09
   -0.29610436E-08
   -0.81909393E-08
   -0.74392220E-08
    0.16918559E-08
    0.11659616E-07
    0.12981424E-07
    0.50122045E-08
   -0.50727916E-08
   -0.98471316E-08
   -0.65818930E-08
    0.59249814E-09
    0.43895103E-08
   -0.20634587E-08
   -0.50523575E-09
    0.51881124E-09
    0.17846012E-10
    0.27435773E-09
   -0.90075932E-06
   -0.78780866E-07
    0.87354262E-06
    0.51162201E-07
   -0.72488931E-06
   -0.11790161E-05
    0.13075391E-06
    0.13878316E-05
   -0.22001927E-06
   -0.14591564E-05
   -0.10926970E-05
    0.16464617E-06
    0.12792481E-05
   -0.40561239E-06
   -0.16039508E-05
   -0.85197007E-06
   -0.38083649E-07
    0.80535260E-06
   -0.14310746E-06
   -0.93451376E-06
   -0.10636312E-06
   -0.35092324E-07
    0.73881110E-07
    0.48420342E-07
   -0.31266579E-07
    0.76190036E-06
    0.22037529E-07
   -0.79293409E-06
   -0.33990617E-07
    0.68838257E-06
    0.10876773E-05
   -0.66544915E-07
   -0.12081473E-05
    0.16452701E-06
    0.13021748E-05
    0.91169404E-06
   -0.16202624E-06
   -0.10908226E-05
    0.38239714E-06
    0.14328030E-05
    0.58606028E-06
   -0.85124154E-07
   -0.72861318E-06
    0.57212951E-07
    0.69765065E-06
    0.91955796E-08
    0.75775255E-07
    0.28308159E-07
   -0.24122880E-06
   -0.32401086E-06
   -0.92393756E-06
   -0.32648939E-08
    0.95135295E-06
   -0.12312003E-06
   -0.10244351E-05
   -0.15048172E-05
   -0.94777214E-07
    0.14473299E-05
   -0.12895071E-06
   -0.14835747E-05
   -0.12610920E-05
    0.96125723E-07
    0.14160768E-05
   -0.29462378E-06
   -0.15872274E-05
   -0.78805829E-06
    0.56027980E-07
    0.90075844E-06
   -0.14959907E-06
   -0.96873312E-06
   -0.24050580E-06
   -0.20989531E-06
    0.24987736E-07
    0.15486680E-06
    0.85177858E-07
    0.69353889E-06
   -0.11526530E-06
   -0.83554203E-06
    0.18679282E-06
    0.91669030E-06
    0.13211808E-05
   -0.17214684E-07
   -0.13829748E-05
    0.13286450E-06
    0.13919361E-05
    0.10725307E-05
   -0.20199329E-06
   -0.13290419E-05
    0.32163903E-06
    0.15551124E-05
    0.53610270E-06
   -0.15543132E-06
   -0.71179650E-06
    0.30520933E-06
    0.99544039E-06
   -0.38021723E-08
   -0.71327428E-09
    0.14671036E-08
    0.38072594E-08
    0.15278383E-08
   -0.30680714E-09
   -0.86958670E-09
   -0.46228420E-09
   -0.11039750E-09
    0.24505262E-09
    0.69138913E-09
   -0.10747626E-08
   -0.56603205E-09
   -0.17440208E-09
    0.12767466E-09
    0.77567355E-09
   -0.13250714E-08
   -0.47058615E-09
   -0.42726123E-10
   -0.14890681E-09
    0.57770120E-09
    0.44115000E-08
   -0.81397378E-08
   -0.17864721E-08
    0.60171065E-08
   -0.70105961E-09
   -0.21193019E-08
    0.10608608E-07
    0.12929079E-07
    0.24844274E-08
    0.33830374E-08
    0.96645497E-08
    0.58170962E-09
   -0.87651468E-08
   -0.79247762E-09
    0.47939371E-08
   -0.28586663E-08
   -0.15824286E-08
    0.98458436E-08
    0.66472244E-08
   -0.27728365E-08
   -0.51117917E-08
    0.17542719E-08
    0.22501020E-09
   -0.76653036E-09
   -0.22152717E-09
   -0.39228004E-09
   -0.79406192E-08
   -0.10520341E-07
   -0.10930360E-08
    0.53467389E-08
    0.43644751E-08
    0.99607470E-10
   -0.14622243E-08
    0.19699979E-08
    0.67436460E-08
    0.55930542E-08
   -0.38600917E-08
   -0.14015914E-07
   -0.15349601E-07
   -0.72105359E-08
    0.31727510E-08
    0.82897588E-08
    0.53504419E-08
   -0.15189967E-08
   -0.49161906E-08
   -0.53272373E-06
    0.15869275E-06
    0.71052448E-06
   -0.30790290E-06
   -0.99580897E-06
   -0.10751448E-05
    0.19886765E-06
    0.13243575E-05
   -0.32671377E-06
   -0.15573841E-05
   -0.13216180E-05
    0.21084281E-07
    0.13884689E-05
   -0.13185814E-06
   -0.13930733E-05
   -0.69399477E-06
    0.11995078E-06
    0.84040807E-06
   -0.18958113E-06
   -0.92159891E-06
    0.23720608E-06
    0.20932421E-06
   -0.26746718E-07
   -0.16257989E-06
   -0.92502023E-07
    0.79062403E-06
   -0.50891906E-07
   -0.89724827E-06
    0.14931375E-06
    0.96684219E-06
    0.12644529E-05
   -0.95129380E-07
   -0.14183709E-05
    0.29376993E-06
    0.15875842E-05
    0.15085881E-05
    0.92560708E-07
   -0.14557633E-05
    0.12552039E-06
    0.14848087E-05
    0.93314487E-06
    0.73039608E-08
   -0.95325543E-06
    0.12872583E-06
    0.10330009E-05
   -0.27423833E-08
   -0.79747288E-07
   -0.35801549E-07
    0.24971186E-06
    0.33822197E-06
   -0.57706084E-06
    0.79853999E-07
    0.71594241E-06
   -0.50628363E-07
   -0.68196960E-06
   -0.89463764E-06
    0.16547852E-06
    0.10812015E-05
   -0.37457757E-06
   -0.14158111E-05
   -0.10754180E-05
    0.61866159E-07
    0.11919051E-05
   -0.15963195E-06
   -0.12858736E-05
   -0.75172373E-06
   -0.26448717E-07
    0.77939929E-06
    0.38159733E-07
   -0.67510344E-06
    0.11679825E-06
    0.39587435E-07
   -0.76924226E-07
   -0.45309906E-07
    0.37547119E-07
    0.85071646E-06
    0.35300927E-07
   -0.80834031E-06
    0.14076964E-06
    0.93223689E-06
    0.10869692E-05
   -0.16619472E-06
   -0.12737748E-05
    0.40658355E-06
    0.15988503E-05
    0.11753174E-05
   -0.12655074E-06
   -0.13765852E-05
    0.22206610E-06
    0.14521948E-05
    0.89517405E-06
    0.76724221E-07
   -0.87218721E-06
   -0.55347914E-07
    0.71727614E-06
    0.34572171E-08
    0.40847904E-09
   -0.17371684E-08
   -0.37608279E-08
   -0.15602687E-08
    0.19662127E-09
    0.10211578E-08
    0.18893976E-09
   -0.20885120E-09
   -0.56199163E-10
   -0.69877568E-09
    0.77548894E-09
    0.28488663E-09
   -0.74964299E-10
   -0.32645750E-09
   -0.90025273E-09
    0.57404250E-09
    0.18046141E-09
   -0.13652130E-09
   -0.43959861E-09
   -0.82435658E-09
   -0.38052469E-09
   -0.66785044E-09
   -0.45786822E-09
   -0.50809690E-09
   -0.58468738E-09
   -0.37693344E-09
   -0.19519199E-09
   -0.23039684E-09
   -0.10229460E-09
    0.19741096E-09
    0.25794995E-09
    0.18760038E-09
    0.30994107E-09
    0.36447329E-09
    0.12243293E-09
   -0.29746187E-10
    0.43314253E-10
   -0.45963773E-10
   -0.20596687E-09
   -0.50117398E-09
   -0.69905617E-09
   -0.57491506E-09
   -0.54435459E-09
   -0.54289308E-09
   -0.35428560E-09
   -0.14474181E-09
   -0.10509706E-09
   -0.28349906E-10
    0.15120672E-09
    0.20127029E-09
    0.15106739E-09
    0.21262439E-09
    0.26848742E-09
    0.15128985E-09
    0.58856649E-10
    0.90384717E-10
    0.79772979E-11
   -0.16161799E-09
    0.41022807E-08
   -0.23385840E-09
   -0.27705390E-08
    0.50205271E-10
   -0.28844828E-09
   -0.38475480E-09
   -0.54787265E-08
   -0.19946152E-08
    0.59167961E-09
   -0.73440321E-09
   -0.10209801E-08
   -0.89382597E-09
    0.24094048E-09
   -0.13452559E-08
   -0.19734915E-08
   -0.90507078E-08
   -0.45344931E-08
   -0.81671204E-09
   -0.10775500E-07
   -0.52645084E-08
   -0.76757400E-09
   -0.29630304E-08
   -0.28628018E-08
   -0.21268048E-08
   -0.31083270E-08
   -0.23510336E-08
   -0.13100069E-08
   -0.71361995E-08
   -0.27475977E-08
    0.62009596E-09
   -0.85667254E-10
    0.54305829E-10
    0.28018870E-09
    0.70725874E-08
    0.26629707E-08
   -0.43989154E-09
    0.14122209E-08
    0.11318048E-08
    0.84329995E-09
   -0.28604846E-08
   -0.37185618E-09
    0.13226262E-08
    0.23095475E-08
    0.61487034E-09
   -0.47380000E-09
    0.10266860E-08
   -0.31519504E-09
   -0.10421490E-08
   -0.75239020E-08
   -0.30891601E-08
    0.21583043E-09
   -0.53382341E-08
   -0.26946004E-08
   -0.50643750E-09
    0.15667578E-08
   -0.80201265E-09
   -0.21478502E-08
   -0.16667494E-08
    0.58816871E-09
    0.18215565E-08
    0.52163246E-08
    0.26122938E-08
    0.45834678E-09
    0.75135612E-08
    0.31449618E-08
   -0.10139704E-09
   -0.70576362E-09
    0.51629564E-09
    0.11201070E-08
   -0.18674567E-08
   -0.24023637E-09
    0.77655223E-09
    0.32891540E-08
    0.88712319E-09
   -0.72393171E-09
   -0.82313576E-09
   -0.57095722E-09
   -0.31254047E-09
   -0.64142580E-08
   -0.21375478E-08
    0.82880734E-09
    0.49348544E-09
    0.37591870E-09
    0.16814250E-09
    0.73312723E-08
    0.30089087E-08
   -0.29816155E-09
    0.32485924E-08
    0.23794389E-08
    0.12225003E-08
    0.28414280E-08
    0.26507497E-08
    0.18239894E-08
    0.10258956E-07
    0.48227432E-08
    0.39855108E-09
    0.83943388E-08
    0.38478058E-08
    0.98786442E-10
   -0.98037446E-09
    0.44224835E-09
    0.90768848E-09
   -0.29991747E-09
   -0.19042667E-10
   -0.14884583E-09
    0.42705250E-08
    0.85309151E-09
   -0.16748100E-08
   -0.12374850E-08
   -0.92569052E-09
   -0.85494787E-09
   -0.52885001E-08
   -0.10610277E-08
    0.14572403E-08
    0.74096865E-09
    0.43357414E-09
    0.28743443E-09
    0.22095811E-09
    0.16277167E-09
    0.67178002E-10
   -0.71241662E-10
   -0.26592341E-09
   -0.54041094E-09
   -0.88043287E-09
   -0.12022303E-08
   -0.13837285E-08
   -0.13470432E-08
   -0.11246531E-08
   -0.83781081E-09
   -0.59958007E-09
   -0.43538293E-09
   -0.29790093E-09
   -0.17342185E-09
    0.11213137E-08
    0.10942356E-08
    0.76906233E-09
    0.43325427E-09
    0.21389949E-09
    0.54643375E-10
   -0.18304751E-09
   -0.54389804E-09
   -0.90706713E-09
   -0.10897733E-08
   -0.10303163E-08
   -0.85751911E-09
   -0.77247765E-09
   -0.86280775E-09
   -0.10240751E-08
   -0.10623354E-08
   -0.87525931E-09
   -0.54458227E-09
   -0.23990323E-09
    0.53770408E-08
    0.14150081E-08
   -0.10515798E-08
    0.68969065E-08
    0.38094476E-08
    0.20632044E-08
    0.41154663E-09
    0.21279472E-08
    0.31070902E-08
   -0.40831979E-08
   -0.38708613E-09
    0.22551539E-08
   -0.31848545E-08
   -0.10395792E-08
    0.71181860E-09
    0.18092883E-09
   -0.44319945E-09
   -0.65291694E-09
    0.13680001E-08
   -0.52327505E-09
   -0.16243772E-08
   -0.14114984E-08
   -0.19651599E-08
   -0.20404105E-08
   -0.53220827E-08
   -0.32922077E-08
   -0.16528808E-08
   -0.51899222E-08
   -0.24951353E-08
   -0.69594821E-09
    0.60007174E-09
    0.57641571E-09
    0.23632331E-09
    0.71569995E-08
    0.37214778E-08
    0.83760847E-09
    0.82084381E-08
    0.42978651E-08
    0.96367760E-09
    0.30270327E-08
    0.16934211E-08
    0.33071112E-09
   -0.36064766E-08
   -0.19915535E-08
   -0.88204418E-09
   -0.63938984E-08
   -0.38854475E-08
   -0.19508781E-08
   -0.36628852E-08
   -0.29991799E-08
   -0.24059681E-08
    0.13620181E-08
   -0.70222907E-09
   -0.21971197E-08
    0.38020261E-08
    0.10412932E-08
   -0.90525356E-09
   -0.42976408E-08
   -0.14958734E-08
    0.48684181E-09
   -0.22606057E-08
   -0.16398725E-09
    0.13536191E-08
    0.24305746E-08
    0.17452891E-08
    0.11183639E-08
    0.48310268E-08
    0.22949969E-08
    0.31634659E-09
    0.17209635E-08
    0.12747803E-09
   -0.97549834E-09
   -0.51874094E-08
   -0.37722530E-08
   -0.23421485E-08
   -0.10542653E-07
   -0.65327233E-08
   -0.31159873E-08
   -0.95159256E-08
   -0.60190597E-08
   -0.30953087E-08
   -0.28094425E-08
   -0.27807020E-08
   -0.24606882E-08
    0.32969170E-08
    0.58257660E-09
   -0.12576877E-08
    0.38703950E-08
    0.18504495E-08
    0.20709600E-09
    0.47442238E-09
    0.10851530E-08
    0.12110247E-08
   -0.17671460E-08
    0.18386133E-09
    0.13468489E-08
   -0.72685414E-10
    0.55736455E-09
    0.77575023E-09
    0.37387636E-08
    0.15249095E-08
   -0.29881015E-09
    0.50124813E-08
    0.12056166E-08
   -0.15501372E-08
    0.80803810E-09
   -0.97744326E-09
   -0.20225586E-08
   -0.54481084E-08
   -0.23292828E-08
   -0.54888049E-09
   -0.36421267E-08
    0.37507926E-09
    0.28971138E-08
   -0.29312605E-09
   -0.38458990E-09
   -0.39087904E-09
   -0.31063146E-09
   -0.15693988E-09
    0.31567378E-10
    0.20623547E-09
    0.32799637E-09
    0.36030257E-09
    0.27991875E-09
    0.10649756E-09
   -0.11433363E-09
   -0.34336849E-09
   -0.53767953E-09
   -0.65546801E-09
   -0.68554790E-09
   -0.64551633E-09
   -0.52106650E-09
   -0.32232133E-09
   -0.45059939E-09
   -0.69179454E-09
   -0.77139533E-09
   -0.67193235E-09
   -0.45899147E-09
   -0.17656677E-09
    0.13730952E-09
    0.37492549E-09
    0.44311282E-09
    0.35162946E-09
    0.14023221E-09
   -0.16382226E-09
   -0.47376745E-09
   -0.67756078E-09
   -0.75556286E-09
   -0.73625625E-09
   -0.60729403E-09
   -0.32022398E-09
    0.30141568E-09
   -0.54790300E-09
   -0.87088608E-09
   -0.10098991E-08
   -0.94669381E-09
   -0.71814985E-09
   -0.38315964E-09
   -0.22692633E-10
    0.25392402E-09
    0.36005021E-09
    0.28090529E-09
    0.55208228E-10
   -0.24982272E-09
   -0.53807270E-09
   -0.71847523E-09
   -0.75476777E-09
   -0.65686723E-09
   -0.42178195E-09
   -0.18895522E-10
    0.35651878E-09
   -0.54307845E-09
   -0.89722770E-09
   -0.10872842E-08
   -0.10835165E-08
   -0.89478369E-09
   -0.58547998E-09
   -0.26094591E-09
   -0.23656424E-10
    0.66744729E-10
    0.91497011E-11
   -0.15067635E-09
   -0.34744233E-09
   -0.51891545E-09
   -0.61186743E-09
   -0.58404960E-09
   -0.41248781E-09
   -0.10495483E-09
    0.23899127E-09
    0.53325050E-09
   -0.43340596E-09
   -0.75967140E-09
   -0.99598460E-09
   -0.10721724E-08
   -0.97214996E-09
   -0.76464194E-09
   -0.56353048E-09
   -0.45134357E-09
   -0.43326240E-09
   -0.45422840E-09
   -0.45712194E-09
   -0.42737963E-09
   -0.38442581E-09
   -0.33380150E-09
   -0.23498961E-09
   -0.29659026E-10
    0.27278578E-09
    0.56994410E-09
    0.78783388E-09
   -0.32271617E-09
   -0.41146737E-09
   -0.41663189E-09
   -0.33845646E-09
   -0.15976792E-09
    0.66831061E-10
    0.24677461E-09
    0.35422024E-09
    0.38467758E-09
    0.28968972E-09
    0.73159157E-10
   -0.17241980E-09
   -0.38830339E-09
   -0.57062141E-09
   -0.68098871E-09
   -0.68681684E-09
   -0.61771193E-09
   -0.54990629E-09
   -0.32372895E-09
   -0.45522055E-09
   -0.68199958E-09
   -0.75416198E-09
   -0.65941417E-09
   -0.45110207E-09
   -0.17219445E-09
    0.12838476E-09
    0.35901727E-09
    0.44129352E-09
    0.36050096E-09
    0.13692782E-09
   -0.18154469E-09
   -0.49441820E-09
   -0.70440303E-09
   -0.79332555E-09
   -0.77434986E-09
   -0.65402265E-09
   -0.38100966E-09
    0.21599873E-09
   -0.53312655E-09
   -0.82643268E-09
   -0.94679357E-09
   -0.89181849E-09
   -0.69777046E-09
   -0.40924812E-09
   -0.84274274E-10
    0.19165795E-09
    0.33270590E-09
    0.29345765E-09
    0.83674575E-10
   -0.22938497E-09
   -0.53643005E-09
   -0.74085395E-09
   -0.80417771E-09
   -0.73512223E-09
   -0.52691687E-09
   -0.13803866E-09
    0.26053692E-09
   -0.51021971E-09
   -0.80839157E-09
   -0.95744117E-09
   -0.96502420E-09
   -0.85273158E-09
   -0.65162373E-09
   -0.40294533E-09
   -0.16015654E-09
    0.88091418E-11
    0.42423046E-10
   -0.71666102E-10
   -0.27891443E-09
   -0.49015167E-09
   -0.62700018E-09
   -0.64536198E-09
   -0.53133200E-09
   -0.28563897E-09
    0.40738621E-10
    0.39223063E-09
   -0.37791940E-09
   -0.62471012E-09
   -0.79352534E-09
   -0.88305694E-09
   -0.90448966E-09
   -0.87324621E-09
   -0.79450177E-09
   -0.67027337E-09
   -0.52188279E-09
   -0.39331077E-09
   -0.32161678E-09
   -0.30978218E-09
   -0.33006281E-09
   -0.34274726E-09
   -0.30689777E-09
   -0.18752297E-09
    0.16196976E-10
    0.27677593E-09
    0.56962380E-09
